99.933771 -4.105003
99.923182 -4.090373
99.912594 -4.075742
99.902005 -4.061111
99.891417 -4.046479
99.880830 -4.031848
99.870243 -4.017217
99.859656 -4.002585
99.849069 -3.987953
99.838483 -3.973321
99.827898 -3.958689
99.817312 -3.944057
99.806727 -3.929425
99.796142 -3.914793
99.785558 -3.900160
99.774974 -3.885528
99.764390 -3.870895
99.753807 -3.856262
99.743224 -3.841629
99.732641 -3.826996
99.722059 -3.812363
99.711477 -3.797729
99.700896 -3.783096
99.690314 -3.768462
99.679733 -3.753828
99.669153 -3.739195
99.658573 -3.724561
99.647993 -3.709926
99.637413 -3.695292
99.626834 -3.680658
99.616255 -3.666023
99.605676 -3.651389
99.595098 -3.636754
99.584520 -3.622119
99.573942 -3.607485
99.563365 -3.592850
99.552788 -3.578214
99.542211 -3.563579
99.531635 -3.548944
99.521059 -3.534308
99.510483 -3.519673
99.499907 -3.505037
99.489332 -3.490401
99.478758 -3.475765
99.468183 -3.461129
99.457609 -3.446493
99.447035 -3.431857
99.436461 -3.417221
99.425888 -3.402584
99.415315 -3.387947
99.404742 -3.373311
99.394170 -3.358674
99.383598 -3.344037
99.373026 -3.329400
99.362454 -3.314763
99.351883 -3.300126
99.341312 -3.285488
99.330742 -3.270851
99.320171 -3.256214
99.309601 -3.241576
99.299031 -3.226938
99.288462 -3.212300
99.277893 -3.197662
99.267324 -3.183024
99.256755 -3.168386
99.246187 -3.153748
99.235619 -3.139110
99.225051 -3.124471
99.214483 -3.109833
99.203916 -3.095194
99.193349 -3.080555
99.182782 -3.065917
99.172216 -3.051278
99.161650 -3.036639
99.151084 -3.022000
99.140518 -3.007360
99.129953 -2.992721
99.119388 -2.978082
99.948217 -4.094461
99.937628 -4.079831
99.927039 -4.065200
99.916450 -4.050569
99.905862 -4.035938
99.895275 -4.021307
99.884687 -4.006675
99.874100 -3.992044
99.863514 -3.977412
99.852928 -3.962781
99.842342 -3.948149
99.831756 -3.933517
99.821171 -3.918885
99.810586 -3.904253
99.800002 -3.889620
99.789418 -3.874988
99.778834 -3.860355
99.768250 -3.845723
99.757667 -3.831090
99.747085 -3.816457
99.736502 -3.801824
99.725920 -3.787190
99.715338 -3.772557
99.704757 -3.757924
99.694176 -3.743290
99.683595 -3.728656
99.673015 -3.714023
99.662435 -3.699389
99.651855 -3.684755
99.641276 -3.670120
99.630697 -3.655486
99.620118 -3.640852
99.609540 -3.626217
99.598961 -3.611583
99.588384 -3.596948
99.577806 -3.582313
99.567229 -3.567678
99.556652 -3.553043
99.546076 -3.538408
99.535500 -3.523772
99.524924 -3.509137
99.514348 -3.494501
99.503773 -3.479866
99.493198 -3.465230
99.482623 -3.450594
99.472049 -3.435958
99.461475 -3.421322
99.450901 -3.406686
99.440328 -3.392050
99.429755 -3.377413
99.419182 -3.362777
99.408609 -3.348140
99.398037 -3.333503
99.387465 -3.318866
99.376894 -3.304229
99.366322 -3.289592
99.355751 -3.274955
99.345181 -3.260318
99.334610 -3.245680
99.324040 -3.231043
99.313470 -3.216405
99.302900 -3.201768
99.292331 -3.187130
99.281762 -3.172492
99.271193 -3.157854
99.260625 -3.143216
99.250057 -3.128578
99.239489 -3.113940
99.228921 -3.099301
99.218354 -3.084663
99.207786 -3.070024
99.197220 -3.055385
99.186653 -3.040747
99.176087 -3.026108
99.165521 -3.011469
99.154955 -2.996830
99.144389 -2.982191
99.133824 -2.967551
99.962662 -4.083919
99.952072 -4.069288
99.941484 -4.054658
99.930895 -4.040027
99.920307 -4.025396
99.909719 -4.010765
99.899132 -3.996134
99.888545 -3.981503
99.877958 -3.966871
99.867372 -3.952240
99.856786 -3.937608
99.846200 -3.922976
99.835615 -3.908344
99.825030 -3.893712
99.814445 -3.879080
99.803861 -3.864448
99.793277 -3.849815
99.782694 -3.835183
99.772110 -3.820550
99.761528 -3.805917
99.750945 -3.791285
99.740363 -3.776651
99.729781 -3.762018
99.719200 -3.747385
99.708618 -3.732752
99.698038 -3.718118
99.687457 -3.703484
99.676877 -3.688851
99.666297 -3.674217
99.655718 -3.659583
99.645138 -3.644949
99.634559 -3.630314
99.623981 -3.615680
99.613403 -3.601046
99.602825 -3.586411
99.592247 -3.571776
99.581670 -3.557141
99.571093 -3.542506
99.560517 -3.527871
99.549940 -3.513236
99.539364 -3.498601
99.528789 -3.483966
99.518213 -3.469330
99.507638 -3.454694
99.497063 -3.440059
99.486489 -3.425423
99.475915 -3.410787
99.465341 -3.396151
99.454767 -3.381515
99.444194 -3.366878
99.433621 -3.352242
99.423049 -3.337606
99.412476 -3.322969
99.401904 -3.308332
99.391333 -3.293695
99.380761 -3.279059
99.370190 -3.264422
99.359619 -3.249784
99.349049 -3.235147
99.338478 -3.220510
99.327908 -3.205872
99.317339 -3.191235
99.306769 -3.176597
99.296200 -3.161960
99.285631 -3.147322
99.275062 -3.132684
99.264494 -3.118046
99.253926 -3.103408
99.243358 -3.088769
99.232791 -3.074131
99.222224 -3.059493
99.211657 -3.044854
99.201090 -3.030215
99.190523 -3.015577
99.179957 -3.000938
99.169391 -2.986299
99.158826 -2.971660
99.148260 -2.957021
99.977106 -4.073376
99.966517 -4.058746
99.955928 -4.044116
99.945339 -4.029485
99.934751 -4.014854
99.924163 -4.000223
99.913576 -3.985592
99.902989 -3.970961
99.892402 -3.956330
99.881815 -3.941699
99.871229 -3.927067
99.860643 -3.912436
99.850058 -3.897804
99.839473 -3.883172
99.828888 -3.868540
99.818304 -3.853908
99.807720 -3.839275
99.797136 -3.824643
99.786553 -3.810011
99.775970 -3.795378
99.765387 -3.780745
99.754805 -3.766112
99.744223 -3.751479
99.733642 -3.736846
99.723060 -3.722213
99.712479 -3.707580
99.701899 -3.692946
99.691319 -3.678312
99.680739 -3.663679
99.670159 -3.649045
99.659580 -3.634411
99.649001 -3.619777
99.638422 -3.605143
99.627844 -3.590508
99.617266 -3.575874
99.606688 -3.561239
99.596111 -3.546605
99.585534 -3.531970
99.574957 -3.517335
99.564381 -3.502700
99.553804 -3.488065
99.543229 -3.473430
99.532653 -3.458794
99.522078 -3.444159
99.511503 -3.429523
99.500929 -3.414887
99.490354 -3.400252
99.479780 -3.385616
99.469207 -3.370980
99.458633 -3.356344
99.448060 -3.341707
99.437488 -3.327071
99.426915 -3.312435
99.416343 -3.297798
99.405771 -3.283161
99.395200 -3.268525
99.384628 -3.253888
99.374057 -3.239251
99.363487 -3.224614
99.352916 -3.209976
99.342346 -3.195339
99.331776 -3.180702
99.321207 -3.166064
99.310637 -3.151427
99.300069 -3.136789
99.289500 -3.122151
99.278931 -3.107513
99.268363 -3.092875
99.257795 -3.078237
99.247228 -3.063599
99.236660 -3.048961
99.226093 -3.034322
99.215526 -3.019684
99.204960 -3.005045
99.194394 -2.990407
99.183828 -2.975768
99.173262 -2.961129
99.162696 -2.946490
99.991551 -4.062833
99.980961 -4.048203
99.970372 -4.033573
99.959783 -4.018943
99.949195 -4.004312
99.938607 -3.989681
99.928019 -3.975051
99.917432 -3.960420
99.906845 -3.945789
99.896259 -3.931157
99.885672 -3.916526
99.875087 -3.901895
99.864501 -3.887263
99.853916 -3.872631
99.843331 -3.857999
99.832747 -3.843367
99.822163 -3.828735
99.811579 -3.814103
99.800995 -3.799471
99.790412 -3.784838
99.779830 -3.770206
99.769247 -3.755573
99.758665 -3.740940
99.748083 -3.726307
99.737502 -3.711674
99.726921 -3.697041
99.716340 -3.682407
99.705760 -3.667774
99.695180 -3.653140
99.684600 -3.638507
99.674021 -3.623873
99.663442 -3.609239
99.652863 -3.594605
99.642284 -3.579971
99.631706 -3.565336
99.621128 -3.550702
99.610551 -3.536068
99.599974 -3.521433
99.589397 -3.506798
99.578820 -3.492163
99.568244 -3.477528
99.557668 -3.462893
99.547093 -3.448258
99.536518 -3.433623
99.525943 -3.418987
99.515368 -3.404352
99.504794 -3.389716
99.494219 -3.375080
99.483646 -3.360444
99.473072 -3.345808
99.462499 -3.331172
99.451926 -3.316536
99.441354 -3.301900
99.430781 -3.287264
99.420209 -3.272627
99.409638 -3.257990
99.399066 -3.243354
99.388495 -3.228717
99.377925 -3.214080
99.367354 -3.199443
99.356784 -3.184806
99.346214 -3.170168
99.335644 -3.155531
99.325075 -3.140894
99.314506 -3.126256
99.303937 -3.111619
99.293368 -3.096981
99.282800 -3.082343
99.272232 -3.067705
99.261664 -3.053067
99.251097 -3.038429
99.240530 -3.023791
99.229963 -3.009152
99.219396 -2.994514
99.208830 -2.979875
99.198264 -2.965237
99.187698 -2.950598
99.177132 -2.935959
100.005995 -4.052290
99.995405 -4.037660
99.984816 -4.023030
99.974227 -4.008400
99.963638 -3.993770
99.953050 -3.979139
99.942463 -3.964508
99.931875 -3.949878
99.921288 -3.935247
99.910702 -3.920616
99.900115 -3.905985
99.889529 -3.891353
99.878944 -3.876722
99.868358 -3.862090
99.857773 -3.847459
99.847189 -3.832827
99.836605 -3.818195
99.826021 -3.803563
99.815437 -3.788931
99.804854 -3.774298
99.794271 -3.759666
99.783689 -3.745033
99.773107 -3.730401
99.762525 -3.715768
99.751943 -3.701135
99.741362 -3.686502
99.730781 -3.671869
99.720201 -3.657235
99.709621 -3.642602
99.699041 -3.627968
99.688461 -3.613335
99.677882 -3.598701
99.667303 -3.584067
99.656725 -3.569433
99.646146 -3.554799
99.635569 -3.540165
99.624991 -3.525530
99.614414 -3.510896
99.603837 -3.496261
99.593260 -3.481626
99.582684 -3.466992
99.572108 -3.452357
99.561532 -3.437722
99.550957 -3.423086
99.540382 -3.408451
99.529807 -3.393816
99.519232 -3.379180
99.508658 -3.364545
99.498084 -3.349909
99.487511 -3.335273
99.476938 -3.320637
99.466365 -3.306001
99.455792 -3.291365
99.445220 -3.276729
99.434647 -3.262092
99.424076 -3.247456
99.413504 -3.232819
99.402933 -3.218183
99.392362 -3.203546
99.381791 -3.188909
99.371221 -3.174272
99.360651 -3.159635
99.350081 -3.144998
99.339512 -3.130360
99.328943 -3.115723
99.318374 -3.101086
99.307805 -3.086448
99.297237 -3.071810
99.286668 -3.057172
99.276101 -3.042535
99.265533 -3.027897
99.254966 -3.013258
99.244399 -2.998620
99.233832 -2.983982
99.223265 -2.969344
99.212699 -2.954705
99.202133 -2.940067
99.191568 -2.925428
100.020438 -4.041747
100.009848 -4.027117
99.999259 -4.012487
99.988670 -3.997857
99.978082 -3.983227
99.967493 -3.968597
99.956906 -3.953966
99.946318 -3.939336
99.935731 -3.924705
99.925144 -3.910074
99.914558 -3.895443
99.903972 -3.880812
99.893386 -3.866181
99.882801 -3.851549
99.872216 -3.836918
99.861631 -3.822286
99.851047 -3.807654
99.840463 -3.793022
99.829879 -3.778390
99.819296 -3.763758
99.808713 -3.749126
99.798130 -3.734493
99.787548 -3.719861
99.776966 -3.705228
99.766384 -3.690595
99.755803 -3.675963
99.745222 -3.661329
99.734641 -3.646696
99.724061 -3.632063
99.713481 -3.617430
99.702902 -3.602796
99.692322 -3.588163
99.681743 -3.573529
99.671165 -3.558895
99.660586 -3.544261
99.650008 -3.529627
99.639431 -3.514993
99.628853 -3.500358
99.618276 -3.485724
99.607699 -3.471089
99.597123 -3.456455
99.586547 -3.441820
99.575971 -3.427185
99.565396 -3.412550
99.554820 -3.397915
99.544246 -3.383280
99.533671 -3.368644
99.523097 -3.354009
99.512523 -3.339373
99.501949 -3.324738
99.491376 -3.310102
99.480803 -3.295466
99.470230 -3.280830
99.459657 -3.266194
99.449085 -3.251558
99.438513 -3.236921
99.427942 -3.222285
99.417370 -3.207648
99.406799 -3.193012
99.396229 -3.178375
99.385658 -3.163738
99.375088 -3.149101
99.364518 -3.134464
99.353948 -3.119827
99.343379 -3.105190
99.332810 -3.090552
99.322241 -3.075915
99.311673 -3.061277
99.301105 -3.046640
99.290537 -3.032002
99.279969 -3.017364
99.269402 -3.002726
99.258834 -2.988088
99.248268 -2.973450
99.237701 -2.958812
99.227135 -2.944173
99.216568 -2.929535
99.206003 -2.914896
100.034881 -4.031204
100.024292 -4.016574
100.013702 -4.001944
100.003113 -3.987314
99.992524 -3.972684
99.981936 -3.958054
99.971348 -3.943424
99.960761 -3.928793
99.950173 -3.914163
99.939586 -3.899532
99.929000 -3.884901
99.918414 -3.870270
99.907828 -3.855639
99.897242 -3.841008
99.886657 -3.826376
99.876073 -3.811745
99.865488 -3.797113
99.854904 -3.782482
99.844320 -3.767850
99.833737 -3.753218
99.823154 -3.738586
99.812571 -3.723953
99.801989 -3.709321
99.791407 -3.694688
99.780825 -3.680056
99.770244 -3.665423
99.759662 -3.650790
99.749082 -3.636157
99.738501 -3.621524
99.727921 -3.606891
99.717342 -3.592258
99.706762 -3.577624
99.696183 -3.562990
99.685604 -3.548357
99.675026 -3.533723
99.664448 -3.519089
99.653870 -3.504455
99.643292 -3.489821
99.632715 -3.475186
99.622138 -3.460552
99.611562 -3.445918
99.600986 -3.431283
99.590410 -3.416648
99.579834 -3.402013
99.569259 -3.387378
99.558684 -3.372743
99.548109 -3.358108
99.537535 -3.343473
99.526961 -3.328837
99.516387 -3.314202
99.505813 -3.299566
99.495240 -3.284930
99.484667 -3.270295
99.474095 -3.255659
99.463522 -3.241023
99.452950 -3.226386
99.442379 -3.211750
99.431807 -3.197114
99.421236 -3.182477
99.410665 -3.167841
99.400095 -3.153204
99.389525 -3.138567
99.378955 -3.123930
99.368385 -3.109293
99.357815 -3.094656
99.347246 -3.080019
99.336677 -3.065382
99.326109 -3.050744
99.315540 -3.036107
99.304972 -3.021469
99.294405 -3.006831
99.283837 -2.992194
99.273270 -2.977556
99.262703 -2.962918
99.252136 -2.948280
99.241570 -2.933641
99.231003 -2.919003
99.220437 -2.904365
100.049324 -4.020660
100.038734 -4.006030
100.028145 -3.991401
100.017556 -3.976771
100.006967 -3.962141
99.996379 -3.947511
99.985790 -3.932881
99.975203 -3.918251
99.964615 -3.903620
99.954028 -3.888990
99.943442 -3.874359
99.932855 -3.859728
99.922270 -3.845097
99.911684 -3.830466
99.901099 -3.815835
99.890514 -3.801204
99.879929 -3.786572
99.869345 -3.771941
99.858761 -3.757309
99.848178 -3.742677
99.837595 -3.728045
99.827012 -3.713413
99.816429 -3.698781
99.805847 -3.684148
99.795265 -3.669516
99.784684 -3.654883
99.774103 -3.640251
99.763522 -3.625618
99.752941 -3.610985
99.742361 -3.596352
99.731781 -3.581719
99.721202 -3.567085
99.710623 -3.552452
99.700044 -3.537818
99.689465 -3.523185
99.678887 -3.508551
99.668309 -3.493917
99.657731 -3.479283
99.647154 -3.464649
99.636577 -3.450015
99.626001 -3.435380
99.615424 -3.420746
99.604848 -3.406111
99.594272 -3.391476
99.583697 -3.376842
99.573122 -3.362207
99.562547 -3.347572
99.551973 -3.332937
99.541398 -3.318301
99.530825 -3.303666
99.520251 -3.289030
99.509678 -3.274395
99.499105 -3.259759
99.488532 -3.245123
99.477960 -3.230487
99.467387 -3.215851
99.456816 -3.201215
99.446244 -3.186579
99.435673 -3.171943
99.425102 -3.157306
99.414531 -3.142670
99.403961 -3.128033
99.393391 -3.113396
99.382821 -3.098759
99.372251 -3.084122
99.361682 -3.069485
99.351113 -3.054848
99.340544 -3.040211
99.329976 -3.025574
99.319408 -3.010936
99.308840 -2.996298
99.298272 -2.981661
99.287705 -2.967023
99.277138 -2.952385
99.266571 -2.937747
99.256004 -2.923109
99.245438 -2.908471
99.234872 -2.893833
100.063767 -4.010116
100.053177 -3.995487
100.042587 -3.980857
100.031998 -3.966228
100.021409 -3.951598
100.010821 -3.936968
100.000232 -3.922338
99.989645 -3.907708
99.979057 -3.893078
99.968470 -3.878447
99.957883 -3.863817
99.947297 -3.849186
99.936711 -3.834555
99.926125 -3.819924
99.915540 -3.805293
99.904955 -3.790662
99.894370 -3.776031
99.883786 -3.761399
99.873202 -3.746768
99.862618 -3.732136
99.852035 -3.717504
99.841452 -3.702872
99.830869 -3.688240
99.820287 -3.673608
99.809705 -3.658976
99.799124 -3.644343
99.788542 -3.629711
99.777961 -3.615078
99.767381 -3.600445
99.756801 -3.585813
99.746221 -3.571180
99.735641 -3.556546
99.725062 -3.541913
99.714483 -3.527280
99.703904 -3.512646
99.693326 -3.498013
99.682748 -3.483379
99.672170 -3.468745
99.661593 -3.454111
99.651016 -3.439477
99.640439 -3.424843
99.629862 -3.410208
99.619286 -3.395574
99.608710 -3.380939
99.598135 -3.366305
99.587560 -3.351670
99.576985 -3.337035
99.566410 -3.322400
99.555836 -3.307765
99.545262 -3.293130
99.534688 -3.278494
99.524115 -3.263859
99.513542 -3.249223
99.502969 -3.234588
99.492396 -3.219952
99.481824 -3.205316
99.471252 -3.190680
99.460680 -3.176044
99.450109 -3.161408
99.439538 -3.146771
99.428967 -3.132135
99.418397 -3.117499
99.407827 -3.102862
99.397257 -3.088225
99.386687 -3.073588
99.376118 -3.058951
99.365548 -3.044314
99.354980 -3.029677
99.344411 -3.015040
99.333843 -3.000403
99.323275 -2.985765
99.312707 -2.971128
99.302140 -2.956490
99.291572 -2.941852
99.281005 -2.927215
99.270439 -2.912577
99.259872 -2.897939
99.249306 -2.883301
100.078209 -3.999572
100.067619 -3.984943
100.057029 -3.970313
100.046440 -3.955684
100.035851 -3.941054
100.025262 -3.926425
100.014674 -3.911795
100.004086 -3.897165
99.993498 -3.882535
99.982911 -3.867905
99.972324 -3.853274
99.961738 -3.838644
99.951152 -3.824013
99.940566 -3.809382
99.929980 -3.794751
99.919395 -3.780120
99.908811 -3.765489
99.898226 -3.750858
99.887642 -3.736227
99.877058 -3.721595
99.866475 -3.706963
99.855892 -3.692332
99.845309 -3.677700
99.834727 -3.663068
99.824145 -3.648436
99.813563 -3.633803
99.802982 -3.619171
99.792401 -3.604538
99.781820 -3.589906
99.771240 -3.575273
99.760660 -3.560640
99.750080 -3.546007
99.739500 -3.531374
99.728921 -3.516741
99.718343 -3.502107
99.707764 -3.487474
99.697186 -3.472840
99.686608 -3.458207
99.676031 -3.443573
99.665454 -3.428939
99.654877 -3.414305
99.644300 -3.399671
99.633724 -3.385036
99.623148 -3.370402
99.612572 -3.355767
99.601997 -3.341133
99.591422 -3.326498
99.580847 -3.311863
99.570273 -3.297228
99.559699 -3.282593
99.549125 -3.267958
99.538551 -3.253323
99.527978 -3.238687
99.517405 -3.224052
99.506833 -3.209416
99.496260 -3.194780
99.485688 -3.180145
99.475117 -3.165509
99.464545 -3.150873
99.453974 -3.136236
99.443403 -3.121600
99.432832 -3.106964
99.422262 -3.092327
99.411692 -3.077691
99.401122 -3.063054
99.390553 -3.048417
99.379984 -3.033780
99.369415 -3.019144
99.358846 -3.004506
99.348278 -2.989869
99.337709 -2.975232
99.327142 -2.960595
99.316574 -2.945957
99.306007 -2.931320
99.295440 -2.916682
99.284873 -2.902044
99.274306 -2.887406
99.263740 -2.872768
100.092651 -3.989027
100.082061 -3.974398
100.071471 -3.959769
100.060881 -3.945140
100.050292 -3.930511
100.039704 -3.915881
100.029115 -3.901251
100.018527 -3.886622
100.007939 -3.871992
99.997352 -3.857362
99.986765 -3.842731
99.976179 -3.828101
99.965592 -3.813471
99.955006 -3.798840
99.944421 -3.784209
99.933836 -3.769578
99.923251 -3.754947
99.912666 -3.740316
99.902082 -3.725685
99.891498 -3.711054
99.880915 -3.696422
99.870332 -3.681791
99.859749 -3.667159
99.849166 -3.652527
99.838584 -3.637895
99.828002 -3.623263
99.817421 -3.608631
99.806840 -3.593998
99.796259 -3.579366
99.785678 -3.564733
99.775098 -3.550101
99.764518 -3.535468
99.753939 -3.520835
99.743360 -3.506202
99.732781 -3.491569
99.722202 -3.476935
99.711624 -3.462302
99.701046 -3.447668
99.690469 -3.433035
99.679891 -3.418401
99.669314 -3.403767
99.658738 -3.389133
99.648161 -3.374499
99.637585 -3.359864
99.627010 -3.345230
99.616434 -3.330596
99.605859 -3.315961
99.595284 -3.301326
99.584710 -3.286691
99.574135 -3.272057
99.563562 -3.257422
99.552988 -3.242786
99.542415 -3.228151
99.531842 -3.213516
99.521269 -3.198880
99.510696 -3.184245
99.500124 -3.169609
99.489552 -3.154973
99.478981 -3.140337
99.468410 -3.125701
99.457839 -3.111065
99.447268 -3.096429
99.436697 -3.081793
99.426127 -3.067156
99.415557 -3.052520
99.404988 -3.037883
99.394418 -3.023246
99.383849 -3.008610
99.373281 -2.993973
99.362712 -2.979336
99.352144 -2.964698
99.341576 -2.950061
99.331008 -2.935424
99.320441 -2.920786
99.309874 -2.906149
99.299307 -2.891511
99.288740 -2.876873
99.278174 -2.862236
100.107092 -3.978483
100.096502 -3.963854
100.085912 -3.949225
100.075323 -3.934596
100.064733 -3.919967
100.054145 -3.905337
100.043556 -3.890708
100.032968 -3.876078
100.022380 -3.861448
100.011793 -3.846818
100.001206 -3.832188
99.990619 -3.817558
99.980033 -3.802928
99.969447 -3.788298
99.958861 -3.773667
99.948276 -3.759036
99.937691 -3.744405
99.927106 -3.729775
99.916522 -3.715143
99.905938 -3.700512
99.895354 -3.685881
99.884771 -3.671249
99.874188 -3.656618
99.863605 -3.641986
99.853023 -3.627354
99.842441 -3.612722
99.831860 -3.598090
99.821278 -3.583458
99.810698 -3.568826
99.800117 -3.554193
99.789537 -3.539561
99.778957 -3.524928
99.768377 -3.510295
99.757798 -3.495662
99.747219 -3.481029
99.736640 -3.466396
99.726062 -3.451763
99.715484 -3.437129
99.704906 -3.422496
99.694329 -3.407862
99.683752 -3.393229
99.673175 -3.378595
99.662598 -3.363961
99.652022 -3.349327
99.641446 -3.334692
99.630871 -3.320058
99.620296 -3.305424
99.609721 -3.290789
99.599146 -3.276154
99.588572 -3.261520
99.577998 -3.246885
99.567424 -3.232250
99.556851 -3.217615
99.546277 -3.202979
99.535705 -3.188344
99.525132 -3.173709
99.514560 -3.159073
99.503988 -3.144438
99.493416 -3.129802
99.482845 -3.115166
99.472274 -3.100530
99.461703 -3.085894
99.451132 -3.071258
99.440562 -3.056621
99.429992 -3.041985
99.419422 -3.027349
99.408853 -3.012712
99.398284 -2.998075
99.387715 -2.983438
99.377146 -2.968802
99.366578 -2.954165
99.356010 -2.939527
99.345442 -2.924890
99.334875 -2.910253
99.324307 -2.895616
99.313740 -2.880978
99.303174 -2.866341
99.292607 -2.851703
100.121534 -3.967938
100.110943 -3.953309
100.100353 -3.938681
100.089764 -3.924052
100.079174 -3.909423
100.068585 -3.894793
100.057997 -3.880164
100.047408 -3.865534
100.036821 -3.850905
100.026233 -3.836275
100.015646 -3.821645
100.005059 -3.807015
99.994473 -3.792385
99.983886 -3.777755
99.973301 -3.763124
99.962715 -3.748494
99.952130 -3.733863
99.941545 -3.719232
99.930961 -3.704602
99.920377 -3.689971
99.909793 -3.675339
99.899210 -3.660708
99.888627 -3.646077
99.878044 -3.631445
99.867462 -3.616813
99.856880 -3.602182
99.846298 -3.587550
99.835717 -3.572918
99.825136 -3.558286
99.814555 -3.543653
99.803975 -3.529021
99.793395 -3.514388
99.782815 -3.499756
99.772236 -3.485123
99.761656 -3.470490
99.751078 -3.455857
99.740499 -3.441224
99.729921 -3.426591
99.719343 -3.411957
99.708766 -3.397324
99.698189 -3.382690
99.687612 -3.368056
99.677035 -3.353423
99.666459 -3.338789
99.655883 -3.324155
99.645307 -3.309520
99.634732 -3.294886
99.624157 -3.280252
99.613582 -3.265617
99.603008 -3.250983
99.592434 -3.236348
99.581860 -3.221713
99.571286 -3.207078
99.560713 -3.192443
99.550140 -3.177808
99.539568 -3.163173
99.528995 -3.148537
99.518423 -3.133902
99.507851 -3.119266
99.497280 -3.104630
99.486709 -3.089994
99.476138 -3.075359
99.465567 -3.060723
99.454997 -3.046086
99.444427 -3.031450
99.433857 -3.016814
99.423287 -3.002177
99.412718 -2.987541
99.402149 -2.972904
99.391580 -2.958267
99.381012 -2.943631
99.370444 -2.928994
99.359876 -2.914357
99.349308 -2.899719
99.338741 -2.885082
99.328174 -2.870445
99.317607 -2.855807
99.307040 -2.841170
100.135975 -3.957393
100.125384 -3.942764
100.114794 -3.928136
100.104204 -3.913507
100.093615 -3.898878
100.083026 -3.884249
100.072437 -3.869620
100.061849 -3.854991
100.051261 -3.840361
100.040673 -3.825732
100.030086 -3.811102
100.019499 -3.796472
100.008912 -3.781842
99.998326 -3.767212
99.987740 -3.752582
99.977155 -3.737951
99.966569 -3.723321
99.955985 -3.708690
99.945400 -3.694059
99.934816 -3.679429
99.924232 -3.664798
99.913649 -3.650166
99.903065 -3.635535
99.892483 -3.620904
99.881900 -3.606272
99.871318 -3.591641
99.860736 -3.577009
99.850155 -3.562377
99.839574 -3.547745
99.828993 -3.533113
99.818412 -3.518481
99.807832 -3.503848
99.797252 -3.489216
99.786673 -3.474583
99.776094 -3.459950
99.765515 -3.445317
99.754936 -3.430685
99.744358 -3.416051
99.733780 -3.401418
99.723203 -3.386785
99.712625 -3.372151
99.702048 -3.357518
99.691472 -3.342884
99.680895 -3.328250
99.670319 -3.313616
99.659744 -3.298982
99.649168 -3.284348
99.638593 -3.269714
99.628018 -3.255080
99.617444 -3.240445
99.606869 -3.225811
99.596295 -3.211176
99.585722 -3.196541
99.575148 -3.181906
99.564575 -3.167271
99.554003 -3.152636
99.543430 -3.138001
99.532858 -3.123365
99.522286 -3.108730
99.511714 -3.094094
99.501143 -3.079459
99.490572 -3.064823
99.480001 -3.050187
99.469431 -3.035551
99.458861 -3.020915
99.448291 -3.006279
99.437721 -2.991643
99.427152 -2.977006
99.416583 -2.962370
99.406014 -2.947733
99.395445 -2.933096
99.384877 -2.918459
99.374309 -2.903823
99.363741 -2.889186
99.353174 -2.874548
99.342607 -2.859911
99.332040 -2.845274
99.321473 -2.830637
100.150415 -3.946848
100.139824 -3.932219
100.129234 -3.917591
100.118644 -3.902962
100.108055 -3.888334
100.097466 -3.873705
100.086877 -3.859076
100.076288 -3.844446
100.065700 -3.829817
100.055113 -3.815188
100.044525 -3.800558
100.033938 -3.785929
100.023351 -3.771299
100.012765 -3.756669
100.002179 -3.742039
99.991594 -3.727409
99.981008 -3.712778
99.970423 -3.698148
99.959839 -3.683517
99.949254 -3.668886
99.938671 -3.654256
99.928087 -3.639625
99.917504 -3.624993
99.906921 -3.610362
99.896338 -3.595731
99.885756 -3.581099
99.875174 -3.566468
99.864593 -3.551836
99.854011 -3.537204
99.843430 -3.522572
99.832850 -3.507940
99.822270 -3.493308
99.811690 -3.478676
99.801110 -3.464043
99.790531 -3.449411
99.779952 -3.434778
99.769373 -3.420145
99.758795 -3.405512
99.748217 -3.390879
99.737639 -3.376246
99.727062 -3.361613
99.716485 -3.346979
99.705908 -3.332346
99.695331 -3.317712
99.684755 -3.303078
99.674179 -3.288444
99.663604 -3.273810
99.653029 -3.259176
99.642454 -3.244542
99.631879 -3.229908
99.621305 -3.215273
99.610731 -3.200639
99.600157 -3.186004
99.589583 -3.171369
99.579010 -3.156734
99.568437 -3.142099
99.557865 -3.127464
99.547293 -3.112829
99.536721 -3.098194
99.526149 -3.083558
99.515577 -3.068923
99.505006 -3.054287
99.494435 -3.039651
99.483865 -3.025016
99.473295 -3.010380
99.462725 -2.995744
99.452155 -2.981107
99.441585 -2.966471
99.431016 -2.951835
99.420447 -2.937198
99.409879 -2.922562
99.399310 -2.907925
99.388742 -2.893288
99.378174 -2.878652
99.367607 -2.864015
99.357039 -2.849378
99.346472 -2.834740
99.335905 -2.820103
100.164855 -3.936302
100.154264 -3.921674
100.143674 -3.907046
100.133084 -3.892417
100.122495 -3.877789
100.111905 -3.863160
100.101316 -3.848531
100.090728 -3.833902
100.080140 -3.819273
100.069552 -3.804644
100.058964 -3.790014
100.048377 -3.775385
100.037790 -3.760755
100.027204 -3.746125
100.016618 -3.731496
100.006032 -3.716865
99.995447 -3.702235
99.984862 -3.687605
99.974277 -3.672975
99.963693 -3.658344
99.953109 -3.643713
99.942525 -3.629082
99.931942 -3.614452
99.921359 -3.599820
99.910776 -3.585189
99.900194 -3.570558
99.889612 -3.555927
99.879030 -3.541295
99.868449 -3.526663
99.857868 -3.512031
99.847287 -3.497399
99.836707 -3.482767
99.826127 -3.468135
99.815547 -3.453503
99.804967 -3.438870
99.794388 -3.424238
99.783810 -3.409605
99.773231 -3.394972
99.762653 -3.380340
99.752075 -3.365707
99.741498 -3.351073
99.730921 -3.336440
99.720344 -3.321807
99.709767 -3.307173
99.699191 -3.292540
99.688615 -3.277906
99.678039 -3.263272
99.667464 -3.248638
99.656889 -3.234004
99.646314 -3.219370
99.635740 -3.204736
99.625166 -3.190101
99.614592 -3.175467
99.604018 -3.160832
99.593445 -3.146197
99.582872 -3.131563
99.572299 -3.116928
99.561727 -3.102293
99.551155 -3.087657
99.540583 -3.073022
99.530011 -3.058387
99.519440 -3.043751
99.508869 -3.029116
99.498299 -3.014480
99.487728 -2.999844
99.477158 -2.985208
99.466588 -2.970572
99.456019 -2.955936
99.445449 -2.941300
99.434880 -2.926664
99.424311 -2.912027
99.413743 -2.897391
99.403175 -2.882754
99.392607 -2.868117
99.382039 -2.853480
99.371472 -2.838844
99.360905 -2.824207
99.350338 -2.809569
100.179295 -3.925756
100.168704 -3.911128
100.158114 -3.896500
100.147524 -3.881872
100.136934 -3.867244
100.126345 -3.852615
100.115756 -3.837986
100.105167 -3.823358
100.094579 -3.808729
100.083991 -3.794100
100.073403 -3.779470
100.062816 -3.764841
100.052229 -3.750211
100.041642 -3.735582
100.031056 -3.720952
100.020470 -3.706322
100.009885 -3.691692
99.999300 -3.677062
99.988715 -3.662432
99.978131 -3.647801
99.967546 -3.633171
99.956963 -3.618540
99.946379 -3.603909
99.935796 -3.589278
99.925213 -3.574647
99.914631 -3.560016
99.904049 -3.545385
99.893467 -3.530754
99.882886 -3.516122
99.872305 -3.501490
99.861724 -3.486859
99.851143 -3.472227
99.840563 -3.457595
99.829983 -3.442963
99.819404 -3.428330
99.808825 -3.413698
99.798246 -3.399065
99.787667 -3.384433
99.777089 -3.369800
99.766511 -3.355167
99.755934 -3.340534
99.745356 -3.325901
99.734779 -3.311268
99.724203 -3.296634
99.713626 -3.282001
99.703050 -3.267367
99.692474 -3.252734
99.681899 -3.238100
99.671324 -3.223466
99.660749 -3.208832
99.650174 -3.194198
99.639600 -3.179564
99.629026 -3.164929
99.618453 -3.150295
99.607879 -3.135660
99.597306 -3.121025
99.586733 -3.106391
99.576161 -3.091756
99.565589 -3.077121
99.555017 -3.062486
99.544445 -3.047850
99.533874 -3.033215
99.523303 -3.018580
99.512732 -3.003944
99.502161 -2.989308
99.491591 -2.974673
99.481021 -2.960037
99.470452 -2.945401
99.459882 -2.930765
99.449313 -2.916129
99.438744 -2.901492
99.428176 -2.886856
99.417607 -2.872219
99.407039 -2.857583
99.396471 -2.842946
99.385904 -2.828309
99.375337 -2.813672
99.364770 -2.799035
100.193735 -3.915211
100.183144 -3.900583
100.172553 -3.885955
100.161963 -3.871327
100.151373 -3.856698
100.140784 -3.842070
100.130194 -3.827441
100.119606 -3.812813
100.109017 -3.798184
100.098429 -3.783555
100.087842 -3.768926
100.077254 -3.754297
100.066667 -3.739668
100.056081 -3.725038
100.045494 -3.710408
100.034908 -3.695779
100.024323 -3.681149
100.013738 -3.666519
100.003153 -3.651889
99.992568 -3.637259
99.981984 -3.622628
99.971400 -3.607998
99.960817 -3.593367
99.950233 -3.578736
99.939650 -3.564105
99.929068 -3.549474
99.918486 -3.534843
99.907904 -3.520212
99.897322 -3.505581
99.886741 -3.490949
99.876160 -3.476317
99.865580 -3.461686
99.854999 -3.447054
99.844419 -3.432422
99.833840 -3.417790
99.823261 -3.403158
99.812682 -3.388525
99.802103 -3.373893
99.791525 -3.359260
99.780947 -3.344627
99.770369 -3.329995
99.759792 -3.315362
99.749214 -3.300729
99.738638 -3.286095
99.728061 -3.271462
99.717485 -3.256829
99.706909 -3.242195
99.696334 -3.227561
99.685758 -3.212928
99.675183 -3.198294
99.664609 -3.183660
99.654034 -3.169026
99.643460 -3.154391
99.632887 -3.139757
99.622313 -3.125123
99.611740 -3.110488
99.601167 -3.095854
99.590595 -3.081219
99.580022 -3.066584
99.569450 -3.051949
99.558878 -3.037314
99.548307 -3.022679
99.537736 -3.008043
99.527165 -2.993408
99.516594 -2.978772
99.506024 -2.964137
99.495454 -2.949501
99.484884 -2.934865
99.474315 -2.920229
99.463745 -2.905593
99.453176 -2.890957
99.442608 -2.876321
99.432039 -2.861685
99.421471 -2.847048
99.410903 -2.832412
99.400336 -2.817775
99.389768 -2.803138
99.379201 -2.788501
100.208174 -3.904664
100.197583 -3.890037
100.186992 -3.875409
100.176402 -3.860781
100.165812 -3.846153
100.155222 -3.831525
100.144633 -3.816896
100.134044 -3.802268
100.123456 -3.787639
100.112868 -3.773010
100.102280 -3.758382
100.091692 -3.743753
100.081105 -3.729123
100.070519 -3.714494
100.059932 -3.699865
100.049346 -3.685235
100.038760 -3.670605
100.028175 -3.655976
100.017590 -3.641346
100.007005 -3.626715
99.996421 -3.612085
99.985837 -3.597455
99.975253 -3.582824
99.964670 -3.568194
99.954087 -3.553563
99.943505 -3.538932
99.932922 -3.524301
99.922340 -3.509670
99.911759 -3.495039
99.901177 -3.480408
99.890596 -3.465776
99.880016 -3.451145
99.869435 -3.436513
99.858855 -3.421881
99.848276 -3.407249
99.837696 -3.392617
99.827117 -3.377985
99.816538 -3.363352
99.805960 -3.348720
99.795382 -3.334087
99.784804 -3.319455
99.774227 -3.304822
99.763649 -3.290189
99.753073 -3.275556
99.742496 -3.260923
99.731920 -3.246290
99.721344 -3.231656
99.710768 -3.217023
99.700193 -3.202389
99.689618 -3.187755
99.679043 -3.173122
99.668469 -3.158488
99.657894 -3.143854
99.647320 -3.129219
99.636747 -3.114585
99.626174 -3.099951
99.615601 -3.085316
99.605028 -3.070682
99.594456 -3.056047
99.583883 -3.041412
99.573312 -3.026777
99.562740 -3.012142
99.552169 -2.997507
99.541598 -2.982872
99.531027 -2.968236
99.520457 -2.953601
99.509886 -2.938965
99.499317 -2.924329
99.488747 -2.909694
99.478178 -2.895058
99.467609 -2.880422
99.457040 -2.865786
99.446471 -2.851149
99.435903 -2.836513
99.425335 -2.821877
99.414767 -2.807240
99.404200 -2.792604
99.393633 -2.777967
100.222613 -3.894118
100.212021 -3.879491
100.201431 -3.864863
100.190840 -3.850235
100.180250 -3.835607
100.169661 -3.820979
100.159071 -3.806351
100.148482 -3.791723
100.137894 -3.777094
100.127305 -3.762466
100.116718 -3.747837
100.106130 -3.733208
100.095543 -3.718579
100.084956 -3.703950
100.074370 -3.689321
100.063783 -3.674691
100.053198 -3.660062
100.042612 -3.645432
100.032027 -3.630802
100.021442 -3.616172
100.010858 -3.601542
100.000274 -3.586912
99.989690 -3.572282
99.979107 -3.557651
99.968524 -3.543021
99.957941 -3.528390
99.947358 -3.513759
99.936776 -3.499128
99.926195 -3.484497
99.915613 -3.469866
99.905032 -3.455235
99.894451 -3.440603
99.883871 -3.425972
99.873291 -3.411340
99.862711 -3.396708
99.852132 -3.382076
99.841552 -3.367444
99.830974 -3.352812
99.820395 -3.338180
99.809817 -3.323547
99.799239 -3.308915
99.788661 -3.294282
99.778084 -3.279649
99.767507 -3.265016
99.756930 -3.250383
99.746354 -3.235750
99.735778 -3.221117
99.725202 -3.206484
99.714627 -3.191850
99.704052 -3.177217
99.693477 -3.162583
99.682902 -3.147949
99.672328 -3.133315
99.661754 -3.118681
99.651180 -3.104047
99.640607 -3.089413
99.630034 -3.074779
99.619461 -3.060144
99.608889 -3.045510
99.598316 -3.030875
99.587744 -3.016240
99.577173 -3.001605
99.566601 -2.986970
99.556030 -2.972335
99.545459 -2.957700
99.534889 -2.943064
99.524319 -2.928429
99.513749 -2.913793
99.503179 -2.899158
99.492610 -2.884522
99.482040 -2.869886
99.471471 -2.855250
99.460903 -2.840614
99.450334 -2.825978
99.439766 -2.811342
99.429199 -2.796705
99.418631 -2.782069
99.408064 -2.767432
100.237051 -3.883571
100.226460 -3.868944
100.215869 -3.854317
100.205278 -3.839689
100.194688 -3.825061
100.184099 -3.810433
100.173509 -3.795805
100.162920 -3.781177
100.152331 -3.766549
100.141743 -3.751920
100.131155 -3.737292
100.120567 -3.722663
100.109980 -3.708034
100.099393 -3.693405
100.088807 -3.678776
100.078220 -3.664147
100.067635 -3.649518
100.057049 -3.634888
100.046464 -3.620259
100.035879 -3.605629
100.025294 -3.590999
100.014710 -3.576369
100.004126 -3.561739
99.993543 -3.547108
99.982960 -3.532478
99.972377 -3.517847
99.961794 -3.503217
99.951212 -3.488586
99.940630 -3.473955
99.930049 -3.459324
99.919468 -3.444693
99.908887 -3.430062
99.898306 -3.415430
99.887726 -3.400799
99.877146 -3.386167
99.866567 -3.371535
99.855987 -3.356903
99.845408 -3.342271
99.834830 -3.327639
99.824251 -3.313007
99.813673 -3.298375
99.803096 -3.283742
99.792518 -3.269109
99.781941 -3.254477
99.771365 -3.239844
99.760788 -3.225211
99.750212 -3.210578
99.739636 -3.195945
99.729060 -3.181311
99.718485 -3.166678
99.707910 -3.152044
99.697336 -3.137411
99.686761 -3.122777
99.676187 -3.108143
99.665613 -3.093509
99.655040 -3.078875
99.644467 -3.064241
99.633894 -3.049606
99.623321 -3.034972
99.612749 -3.020337
99.602177 -3.005703
99.591605 -2.991068
99.581034 -2.976433
99.570462 -2.961798
99.559892 -2.947163
99.549321 -2.932528
99.538751 -2.917893
99.528180 -2.903257
99.517611 -2.888622
99.507041 -2.873986
99.496472 -2.859350
99.485903 -2.844715
99.475334 -2.830079
99.464766 -2.815443
99.454197 -2.800807
99.443630 -2.786170
99.433062 -2.771534
99.422494 -2.756898
100.251489 -3.873025
100.240898 -3.858398
100.230307 -3.843770
100.219716 -3.829143
100.209126 -3.814515
100.198536 -3.799887
100.187947 -3.785260
100.177358 -3.770632
100.166769 -3.756003
100.156180 -3.741375
100.145592 -3.726747
100.135005 -3.712118
100.124417 -3.697490
100.113830 -3.682861
100.103243 -3.668232
100.092657 -3.653603
100.082071 -3.638973
100.071486 -3.624344
100.060900 -3.609715
100.050315 -3.595085
100.039731 -3.580455
100.029146 -3.565825
100.018562 -3.551195
100.007979 -3.536565
99.997396 -3.521935
99.986813 -3.507305
99.976230 -3.492674
99.965648 -3.478044
99.955066 -3.463413
99.944484 -3.448782
99.933903 -3.434151
99.923322 -3.419520
99.912741 -3.404889
99.902161 -3.390257
99.891581 -3.375626
99.881001 -3.360994
99.870422 -3.346362
99.859843 -3.331730
99.849264 -3.317098
99.838686 -3.302466
99.828108 -3.287834
99.817530 -3.273202
99.806952 -3.258569
99.796375 -3.243937
99.785798 -3.229304
99.775222 -3.214671
99.764646 -3.200038
99.754070 -3.185405
99.743494 -3.170772
99.732919 -3.156139
99.722344 -3.141505
99.711769 -3.126872
99.701194 -3.112238
99.690620 -3.097605
99.680046 -3.082971
99.669473 -3.068337
99.658899 -3.053703
99.648326 -3.039069
99.637754 -3.024434
99.627181 -3.009800
99.616609 -2.995165
99.606037 -2.980531
99.595466 -2.965896
99.584894 -2.951261
99.574323 -2.936626
99.563753 -2.921991
99.553182 -2.907356
99.542612 -2.892721
99.532042 -2.878086
99.521472 -2.863450
99.510903 -2.848814
99.500334 -2.834179
99.489765 -2.819543
99.479197 -2.804907
99.468628 -2.790271
99.458060 -2.775635
99.447492 -2.760999
99.436925 -2.746363
100.265927 -3.862478
100.255336 -3.847851
100.244745 -3.833224
100.234154 -3.818596
100.223564 -3.803969
100.212974 -3.789341
100.202384 -3.774714
100.191795 -3.760086
100.181206 -3.745458
100.170617 -3.730830
100.160029 -3.716201
100.149441 -3.701573
100.138854 -3.686944
100.128267 -3.672316
100.117680 -3.657687
100.107094 -3.643058
100.096507 -3.628429
100.085922 -3.613800
100.075336 -3.599171
100.064751 -3.584541
100.054167 -3.569912
100.043582 -3.555282
100.032998 -3.540652
100.022414 -3.526022
100.011831 -3.511392
100.001248 -3.496762
99.990665 -3.482131
99.980083 -3.467501
99.969501 -3.452870
99.958919 -3.438240
99.948338 -3.423609
99.937757 -3.408978
99.927176 -3.394347
99.916596 -3.379715
99.906015 -3.365084
99.895436 -3.350453
99.884856 -3.335821
99.874277 -3.321189
99.863698 -3.306558
99.853120 -3.291926
99.842542 -3.277294
99.831964 -3.262661
99.821386 -3.248029
99.810809 -3.233397
99.800232 -3.218764
99.789655 -3.204131
99.779079 -3.189499
99.768503 -3.174866
99.757927 -3.160233
99.747352 -3.145600
99.736776 -3.130966
99.726202 -3.116333
99.715627 -3.101700
99.705053 -3.087066
99.694479 -3.072432
99.683905 -3.057798
99.673332 -3.043165
99.662759 -3.028530
99.652186 -3.013896
99.641613 -2.999262
99.631041 -2.984628
99.620469 -2.969993
99.609897 -2.955359
99.599326 -2.940724
99.588755 -2.926089
99.578184 -2.911454
99.567613 -2.896819
99.557043 -2.882184
99.546473 -2.867549
99.535903 -2.852914
99.525334 -2.838278
99.514765 -2.823643
99.504196 -2.809007
99.493627 -2.794371
99.483059 -2.779736
99.472491 -2.765100
99.461923 -2.750464
99.451355 -2.735827
100.280365 -3.851931
100.269773 -3.837304
100.259182 -3.822677
100.248591 -3.808050
100.238001 -3.793422
100.227411 -3.778795
100.216821 -3.764167
100.206232 -3.749540
100.195643 -3.734912
100.185054 -3.720284
100.174466 -3.705656
100.163878 -3.691028
100.153290 -3.676399
100.142703 -3.661771
100.132116 -3.647142
100.121530 -3.632513
100.110943 -3.617884
100.100358 -3.603255
100.089772 -3.588626
100.079187 -3.573997
100.068602 -3.559368
100.058018 -3.544738
100.047433 -3.530108
100.036850 -3.515479
100.026266 -3.500849
100.015683 -3.486219
100.005100 -3.471588
99.994518 -3.456958
99.983936 -3.442328
99.973354 -3.427697
99.962772 -3.413066
99.952191 -3.398436
99.941610 -3.383805
99.931030 -3.369174
99.920450 -3.354542
99.909870 -3.339911
99.899290 -3.325280
99.888711 -3.310648
99.878132 -3.296016
99.867553 -3.281385
99.856975 -3.266753
99.846397 -3.252121
99.835819 -3.237488
99.825242 -3.222856
99.814665 -3.208224
99.804088 -3.193591
99.793512 -3.178959
99.782936 -3.164326
99.772360 -3.149693
99.761784 -3.135060
99.751209 -3.120427
99.740634 -3.105794
99.730059 -3.091160
99.719485 -3.076527
99.708911 -3.061893
99.698337 -3.047260
99.687764 -3.032626
99.677191 -3.017992
99.666618 -3.003358
99.656045 -2.988724
99.645473 -2.974090
99.634901 -2.959456
99.624329 -2.944821
99.613757 -2.930187
99.603186 -2.915552
99.592615 -2.900917
99.582045 -2.886282
99.571474 -2.871647
99.560904 -2.857012
99.550334 -2.842377
99.539765 -2.827742
99.529195 -2.813106
99.518626 -2.798471
99.508058 -2.783835
99.497489 -2.769200
99.486921 -2.754564
99.476353 -2.739928
99.465785 -2.725292
100.294802 -3.841383
100.284210 -3.826756
100.273619 -3.812130
100.263028 -3.797503
100.252437 -3.782876
100.241847 -3.768248
100.231257 -3.753621
100.220668 -3.738993
100.210079 -3.724366
100.199490 -3.709738
100.188902 -3.695110
100.178314 -3.680482
100.167726 -3.665854
100.157139 -3.651225
100.146552 -3.636597
100.135965 -3.621968
100.125379 -3.607340
100.114793 -3.592711
100.104207 -3.578082
100.093622 -3.563453
100.083037 -3.548823
100.072453 -3.534194
100.061869 -3.519565
100.051285 -3.504935
100.040701 -3.490305
100.030118 -3.475675
100.019535 -3.461045
100.008952 -3.446415
99.998370 -3.431785
99.987788 -3.417154
99.977207 -3.402524
99.966625 -3.387893
99.956044 -3.373262
99.945464 -3.358631
99.934884 -3.344000
99.924304 -3.329369
99.913724 -3.314738
99.903145 -3.300107
99.892566 -3.285475
99.881987 -3.270843
99.871408 -3.256212
99.860830 -3.241580
99.850253 -3.226948
99.839675 -3.212316
99.829098 -3.197683
99.818521 -3.183051
99.807945 -3.168419
99.797368 -3.153786
99.786792 -3.139153
99.776217 -3.124520
99.765641 -3.109887
99.755066 -3.095254
99.744492 -3.080621
99.733917 -3.065988
99.723343 -3.051355
99.712769 -3.036721
99.702195 -3.022087
99.691622 -3.007454
99.681049 -2.992820
99.670476 -2.978186
99.659904 -2.963552
99.649332 -2.948918
99.638760 -2.934283
99.628188 -2.919649
99.617617 -2.905014
99.607046 -2.890380
99.596475 -2.875745
99.585905 -2.861110
99.575335 -2.846475
99.564765 -2.831840
99.554195 -2.817205
99.543626 -2.802570
99.533056 -2.787935
99.522488 -2.773299
99.511919 -2.758664
99.501351 -2.744028
99.490783 -2.729392
99.480215 -2.714756
100.309239 -3.830835
100.298647 -3.816209
100.288055 -3.801582
100.277465 -3.786955
100.266874 -3.772329
100.256284 -3.757701
100.245694 -3.743074
100.235104 -3.728447
100.224515 -3.713819
100.213926 -3.699192
100.203338 -3.684564
100.192750 -3.669936
100.182162 -3.655308
100.171574 -3.640680
100.160987 -3.626052
100.150401 -3.611423
100.139814 -3.596795
100.129228 -3.582166
100.118643 -3.567537
100.108057 -3.552908
100.097472 -3.538279
100.086888 -3.523650
100.076303 -3.509020
100.065719 -3.494391
100.055136 -3.479761
100.044552 -3.465132
100.033969 -3.450502
100.023387 -3.435872
100.012804 -3.421242
100.002222 -3.406611
99.991641 -3.391981
99.981059 -3.377350
99.970478 -3.362720
99.959898 -3.348089
99.949317 -3.333458
99.938737 -3.318827
99.928157 -3.304196
99.917578 -3.289565
99.906999 -3.274933
99.896420 -3.260302
99.885841 -3.245670
99.875263 -3.231039
99.864685 -3.216407
99.854108 -3.201775
99.843531 -3.187143
99.832954 -3.172510
99.822377 -3.157878
99.811801 -3.143246
99.801225 -3.128613
99.790649 -3.113980
99.780073 -3.099348
99.769498 -3.084715
99.758923 -3.070082
99.748349 -3.055449
99.737775 -3.040815
99.727201 -3.026182
99.716627 -3.011549
99.706054 -2.996915
99.695480 -2.982281
99.684908 -2.967647
99.674335 -2.953014
99.663763 -2.938380
99.653191 -2.923745
99.642619 -2.909111
99.632048 -2.894477
99.621477 -2.879842
99.610906 -2.865208
99.600335 -2.850573
99.589765 -2.835938
99.579195 -2.821303
99.568625 -2.806668
99.558056 -2.792033
99.547486 -2.777398
99.536917 -2.762763
99.526349 -2.748127
99.515780 -2.733492
99.505212 -2.718856
99.494644 -2.704221
100.323675 -3.820288
100.313083 -3.805661
100.302492 -3.791035
100.291901 -3.776408
100.281310 -3.761781
100.270720 -3.747154
100.260130 -3.732527
100.249540 -3.717900
100.238951 -3.703273
100.228362 -3.688645
100.217773 -3.674018
100.207185 -3.659390
100.196597 -3.644762
100.186010 -3.630134
100.175423 -3.615506
100.164836 -3.600878
100.154249 -3.586249
100.143663 -3.571621
100.133077 -3.556992
100.122492 -3.542363
100.111907 -3.527734
100.101322 -3.513105
100.090738 -3.498476
100.080154 -3.483847
100.069570 -3.469217
100.058986 -3.454588
100.048403 -3.439958
100.037821 -3.425328
100.027238 -3.410698
100.016656 -3.396068
100.006074 -3.381438
99.995493 -3.366808
99.984912 -3.352177
99.974331 -3.337547
99.963750 -3.322916
99.953170 -3.308285
99.942590 -3.293654
99.932011 -3.279023
99.921432 -3.264392
99.910853 -3.249760
99.900274 -3.235129
99.889696 -3.220497
99.879118 -3.205866
99.868540 -3.191234
99.857963 -3.176602
99.847386 -3.161970
99.836809 -3.147338
99.826233 -3.132705
99.815657 -3.118073
99.805081 -3.103440
99.794505 -3.088808
99.783930 -3.074175
99.773355 -3.059542
99.762780 -3.044909
99.752206 -3.030276
99.741632 -3.015643
99.731058 -3.001009
99.720485 -2.986376
99.709911 -2.971742
99.699338 -2.957109
99.688766 -2.942475
99.678193 -2.927841
99.667621 -2.913207
99.657050 -2.898573
99.646478 -2.883939
99.635907 -2.869305
99.625336 -2.854670
99.614765 -2.840036
99.604195 -2.825401
99.593625 -2.810766
99.583055 -2.796131
99.572485 -2.781496
99.561916 -2.766861
99.551347 -2.752226
99.540778 -2.737591
99.530210 -2.722956
99.519641 -2.708320
99.509073 -2.693685
100.338111 -3.809740
100.327519 -3.795113
100.316928 -3.780487
100.306337 -3.765861
100.295746 -3.751234
100.285155 -3.736607
100.274565 -3.721980
100.263976 -3.707353
100.253386 -3.692726
100.242797 -3.678099
100.232209 -3.663471
100.221620 -3.648844
100.211032 -3.634216
100.200445 -3.619588
100.189857 -3.604960
100.179271 -3.590332
100.168684 -3.575704
100.158098 -3.561076
100.147512 -3.546447
100.136926 -3.531818
100.126341 -3.517190
100.115756 -3.502561
100.105172 -3.487932
100.094588 -3.473303
100.084004 -3.458673
100.073420 -3.444044
100.062837 -3.429414
100.052254 -3.414785
100.041672 -3.400155
100.031090 -3.385525
100.020508 -3.370895
100.009926 -3.356265
99.999345 -3.341634
99.988764 -3.327004
99.978183 -3.312373
99.967603 -3.297742
99.957023 -3.283112
99.946444 -3.268481
99.935864 -3.253850
99.925285 -3.239218
99.914707 -3.224587
99.904128 -3.209956
99.893550 -3.195324
99.882972 -3.180693
99.872395 -3.166061
99.861818 -3.151429
99.851241 -3.136797
99.840664 -3.122165
99.830088 -3.107532
99.819512 -3.092900
99.808937 -3.078268
99.798361 -3.063635
99.787786 -3.049002
99.777211 -3.034369
99.766637 -3.019736
99.756063 -3.005103
99.745489 -2.990470
99.734915 -2.975837
99.724342 -2.961203
99.713769 -2.946570
99.703196 -2.931936
99.692624 -2.917303
99.682052 -2.902669
99.671480 -2.888035
99.660908 -2.873401
99.650337 -2.858767
99.639766 -2.844132
99.629195 -2.829498
99.618625 -2.814863
99.608054 -2.800229
99.597484 -2.785594
99.586915 -2.770959
99.576345 -2.756324
99.565776 -2.741689
99.555207 -2.727054
99.544639 -2.712419
99.534070 -2.697784
99.523502 -2.683148
100.352547 -3.799191
100.341955 -3.784565
100.331364 -3.769939
100.320772 -3.755313
100.310181 -3.740686
100.299591 -3.726060
100.289001 -3.711433
100.278411 -3.696806
100.267821 -3.682179
100.257232 -3.667552
100.246644 -3.652925
100.236055 -3.638297
100.225467 -3.623670
100.214879 -3.609042
100.204292 -3.594414
100.193705 -3.579786
100.183118 -3.565158
100.172532 -3.550530
100.161946 -3.535902
100.151360 -3.521273
100.140775 -3.506645
100.130190 -3.492016
100.119606 -3.477387
100.109021 -3.462758
100.098437 -3.448129
100.087854 -3.433500
100.077271 -3.418870
100.066688 -3.404241
100.056105 -3.389611
100.045523 -3.374981
100.034941 -3.360351
100.024359 -3.345721
100.013778 -3.331091
100.003197 -3.316461
99.992616 -3.301830
99.982036 -3.287200
99.971456 -3.272569
99.960876 -3.257938
99.950297 -3.243307
99.939717 -3.228676
99.929139 -3.214045
99.918560 -3.199414
99.907982 -3.184783
99.897404 -3.170151
99.886827 -3.155519
99.876249 -3.140888
99.865672 -3.126256
99.855096 -3.111624
99.844519 -3.096992
99.833943 -3.082360
99.823368 -3.067727
99.812792 -3.053095
99.802217 -3.038462
99.791642 -3.023829
99.781068 -3.009197
99.770493 -2.994564
99.759920 -2.979931
99.749346 -2.965298
99.738772 -2.950664
99.728199 -2.936031
99.717627 -2.921397
99.707054 -2.906764
99.696482 -2.892130
99.685910 -2.877496
99.675338 -2.862862
99.664767 -2.848228
99.654195 -2.833594
99.643625 -2.818960
99.633054 -2.804326
99.622484 -2.789691
99.611914 -2.775057
99.601344 -2.760422
99.590774 -2.745787
99.580205 -2.731152
99.569636 -2.716517
99.559067 -2.701882
99.548499 -2.687247
99.537931 -2.672612
100.366983 -3.788643
100.356391 -3.774017
100.345799 -3.759391
100.335208 -3.744765
100.324617 -3.730139
100.314026 -3.715512
100.303436 -3.700886
100.292846 -3.686259
100.282256 -3.671632
100.271667 -3.657005
100.261078 -3.642378
100.250490 -3.627751
100.239902 -3.613123
100.229314 -3.598496
100.218726 -3.583868
100.208139 -3.569240
100.197552 -3.554612
100.186966 -3.539984
100.176380 -3.525356
100.165794 -3.510728
100.155209 -3.496099
100.144624 -3.481471
100.134039 -3.466842
100.123455 -3.452213
100.112871 -3.437584
100.102287 -3.422955
100.091704 -3.408326
100.081121 -3.393697
100.070538 -3.379067
100.059955 -3.364437
100.049373 -3.349808
100.038792 -3.335178
100.028210 -3.320548
100.017629 -3.305918
100.007048 -3.291287
99.996468 -3.276657
99.985888 -3.262026
99.975308 -3.247396
99.964729 -3.232765
99.954149 -3.218134
99.943570 -3.203503
99.932992 -3.188872
99.922414 -3.174241
99.911836 -3.159609
99.901258 -3.144978
99.890681 -3.130346
99.880104 -3.115715
99.869527 -3.101083
99.858951 -3.086451
99.848374 -3.071819
99.837799 -3.057187
99.827223 -3.042554
99.816648 -3.027922
99.806073 -3.013289
99.795498 -2.998657
99.784924 -2.984024
99.774350 -2.969391
99.763776 -2.954758
99.753203 -2.940125
99.742629 -2.925492
99.732056 -2.910858
99.721484 -2.896225
99.710911 -2.881591
99.700339 -2.866958
99.689768 -2.852324
99.679196 -2.837690
99.668625 -2.823056
99.658054 -2.808422
99.647483 -2.793788
99.636913 -2.779153
99.626343 -2.764519
99.615773 -2.749884
99.605203 -2.735250
99.594634 -2.720615
99.584065 -2.705980
99.573496 -2.691345
99.562927 -2.676710
99.552359 -2.662075
100.381418 -3.778094
100.370826 -3.763468
100.360234 -3.748843
100.349642 -3.734217
100.339051 -3.719591
100.328461 -3.704964
100.317870 -3.690338
100.307280 -3.675711
100.296691 -3.661085
100.286101 -3.646458
100.275512 -3.631831
100.264924 -3.617204
100.254336 -3.602577
100.243748 -3.587949
100.233160 -3.573322
100.222573 -3.558694
100.211986 -3.544066
100.201400 -3.529438
100.190814 -3.514810
100.180228 -3.500182
100.169642 -3.485554
100.159057 -3.470926
100.148472 -3.456297
100.137888 -3.441668
100.127304 -3.427039
100.116720 -3.412411
100.106136 -3.397781
100.095553 -3.383152
100.084970 -3.368523
100.074388 -3.353893
100.063806 -3.339264
100.053224 -3.324634
100.042643 -3.310004
100.032061 -3.295374
100.021480 -3.280744
100.010900 -3.266114
100.000320 -3.251484
99.989740 -3.236853
99.979160 -3.222222
99.968581 -3.207592
99.958002 -3.192961
99.947423 -3.178330
99.936845 -3.163699
99.926267 -3.149068
99.915689 -3.134436
99.905112 -3.119805
99.894535 -3.105173
99.883958 -3.090542
99.873381 -3.075910
99.862805 -3.061278
99.852229 -3.046646
99.841654 -3.032014
99.831078 -3.017381
99.820503 -3.002749
99.809928 -2.988116
99.799354 -2.973484
99.788780 -2.958851
99.778206 -2.944218
99.767632 -2.929585
99.757059 -2.914952
99.746486 -2.900319
99.735913 -2.885686
99.725341 -2.871052
99.714769 -2.856419
99.704197 -2.841785
99.693625 -2.827151
99.683054 -2.812518
99.672483 -2.797884
99.661912 -2.783250
99.651341 -2.768615
99.640771 -2.753981
99.630201 -2.739347
99.619632 -2.724712
99.609062 -2.710078
99.598493 -2.695443
99.587924 -2.680808
99.577355 -2.666173
99.566787 -2.651538
100.395853 -3.767545
100.385261 -3.752920
100.374669 -3.738294
100.364077 -3.723668
100.353486 -3.709042
100.342895 -3.694416
100.332305 -3.679790
100.321715 -3.665164
100.311125 -3.650537
100.300535 -3.635910
100.289946 -3.621284
100.279358 -3.606657
100.268769 -3.592030
100.258181 -3.577403
100.247594 -3.562775
100.237007 -3.548148
100.226420 -3.533520
100.215833 -3.518892
100.205247 -3.504264
100.194661 -3.489636
100.184075 -3.475008
100.173490 -3.460380
100.162905 -3.445752
100.152321 -3.431123
100.141736 -3.416494
100.131153 -3.401866
100.120569 -3.387237
100.109986 -3.372608
100.099403 -3.357978
100.088820 -3.343349
100.078238 -3.328720
100.067656 -3.314090
100.057074 -3.299460
100.046493 -3.284831
100.035912 -3.270201
100.025332 -3.255571
100.014751 -3.240940
100.004171 -3.226310
99.993592 -3.211680
99.983012 -3.197049
99.972433 -3.182418
99.961854 -3.167788
99.951276 -3.153157
99.940698 -3.138526
99.930120 -3.123894
99.919543 -3.109263
99.908965 -3.094632
99.898388 -3.080000
99.887812 -3.065368
99.877235 -3.050737
99.866659 -3.036105
99.856084 -3.021473
99.845508 -3.006841
99.834933 -2.992208
99.824358 -2.977576
99.813784 -2.962944
99.803210 -2.948311
99.792636 -2.933678
99.782062 -2.919045
99.771489 -2.904412
99.760915 -2.889779
99.750343 -2.875146
99.739770 -2.860513
99.729198 -2.845880
99.718626 -2.831246
99.708054 -2.816613
99.697483 -2.801979
99.686911 -2.787345
99.676341 -2.772711
99.665770 -2.758077
99.655200 -2.743443
99.644630 -2.728809
99.634060 -2.714174
99.623490 -2.699540
99.612921 -2.684905
99.602352 -2.670271
99.591783 -2.655636
99.581215 -2.641001
100.410287 -3.756996
100.399695 -3.742371
100.389103 -3.727745
100.378511 -3.713120
100.367920 -3.698494
100.357329 -3.683868
100.346739 -3.669242
100.336148 -3.654616
100.325559 -3.639989
100.314969 -3.625363
100.304380 -3.610736
100.293791 -3.596109
100.283203 -3.581483
100.272615 -3.566856
100.262027 -3.552228
100.251440 -3.537601
100.240853 -3.522974
100.230266 -3.508346
100.219680 -3.493718
100.209094 -3.479090
100.198508 -3.464462
100.187923 -3.449834
100.177338 -3.435206
100.166753 -3.420578
100.156169 -3.405949
100.145585 -3.391321
100.135001 -3.376692
100.124418 -3.362063
100.113835 -3.347434
100.103252 -3.332805
100.092670 -3.318175
100.082088 -3.303546
100.071506 -3.288916
100.060925 -3.274287
100.050344 -3.259657
100.039763 -3.245027
100.029183 -3.230397
100.018603 -3.215767
100.008023 -3.201137
99.997443 -3.186506
99.986864 -3.171876
99.976285 -3.157245
99.965707 -3.142614
99.955129 -3.127983
99.944551 -3.113352
99.933973 -3.098721
99.923396 -3.084090
99.912819 -3.069458
99.902242 -3.054827
99.891666 -3.040195
99.881089 -3.025564
99.870514 -3.010932
99.859938 -2.996300
99.849363 -2.981668
99.838788 -2.967035
99.828213 -2.952403
99.817639 -2.937771
99.807065 -2.923138
99.796491 -2.908505
99.785918 -2.893873
99.775344 -2.879240
99.764772 -2.864607
99.754199 -2.849974
99.743627 -2.835340
99.733054 -2.820707
99.722483 -2.806074
99.711911 -2.791440
99.701340 -2.776806
99.690769 -2.762173
99.680198 -2.747539
99.669628 -2.732905
99.659058 -2.718271
99.648488 -2.703636
99.637918 -2.689002
99.627349 -2.674368
99.616780 -2.659733
99.606211 -2.645099
99.595642 -2.630464
100.424722 -3.746447
100.414129 -3.731822
100.403537 -3.717196
100.392945 -3.702571
100.382354 -3.687945
100.371763 -3.673320
100.361172 -3.658694
100.350582 -3.644068
100.339992 -3.629441
100.329403 -3.614815
100.318813 -3.600189
100.308225 -3.585562
100.297636 -3.570935
100.287048 -3.556308
100.276460 -3.541681
100.265873 -3.527054
100.255286 -3.512427
100.244699 -3.497800
100.234112 -3.483172
100.223526 -3.468544
100.212940 -3.453916
100.202355 -3.439288
100.191770 -3.424660
100.181185 -3.410032
100.170601 -3.395404
100.160017 -3.380775
100.149433 -3.366147
100.138850 -3.351518
100.128267 -3.336889
100.117684 -3.322260
100.107101 -3.307631
100.096519 -3.293002
100.085938 -3.278372
100.075356 -3.263743
100.064775 -3.249113
100.054194 -3.234483
100.043614 -3.219853
100.033033 -3.205223
100.022454 -3.190593
100.011874 -3.175963
100.001295 -3.161333
99.990716 -3.146702
99.980137 -3.132072
99.969559 -3.117441
99.958981 -3.102810
99.948403 -3.088179
99.937826 -3.073548
99.927249 -3.058917
99.916672 -3.044285
99.906095 -3.029654
99.895519 -3.015022
99.884943 -3.000390
99.874368 -2.985759
99.863792 -2.971127
99.853217 -2.956495
99.842643 -2.941862
99.832068 -2.927230
99.821494 -2.912598
99.810920 -2.897965
99.800347 -2.883333
99.789773 -2.868700
99.779200 -2.854067
99.768628 -2.839434
99.758055 -2.824801
99.747483 -2.810168
99.736911 -2.795534
99.726339 -2.780901
99.715768 -2.766267
99.705197 -2.751634
99.694626 -2.737000
99.684056 -2.722366
99.673485 -2.707732
99.662915 -2.693098
99.652346 -2.678464
99.641776 -2.663830
99.631207 -2.649195
99.620638 -2.634561
99.610069 -2.619926
100.439156 -3.735897
100.428563 -3.721272
100.417971 -3.706647
100.407379 -3.692022
100.396788 -3.677396
100.386197 -3.662771
100.375606 -3.648145
100.365015 -3.633519
100.354425 -3.618893
100.343836 -3.604267
100.333246 -3.589641
100.322658 -3.575014
100.312069 -3.560388
100.301481 -3.545761
100.290893 -3.531134
100.280305 -3.516507
100.269718 -3.501880
100.259131 -3.487253
100.248545 -3.472625
100.237958 -3.457998
100.227373 -3.443370
100.216787 -3.428742
100.206202 -3.414114
100.195617 -3.399486
100.185033 -3.384858
100.174448 -3.370230
100.163865 -3.355601
100.153281 -3.340973
100.142698 -3.326344
100.132115 -3.311715
100.121533 -3.297086
100.110950 -3.282457
100.100369 -3.267828
100.089787 -3.253199
100.079206 -3.238569
100.068625 -3.223939
100.058044 -3.209310
100.047464 -3.194680
100.036884 -3.180050
100.026304 -3.165420
100.015725 -3.150790
100.005146 -3.136159
99.994567 -3.121529
99.983989 -3.106898
99.973411 -3.092267
99.962833 -3.077636
99.952256 -3.063006
99.941678 -3.048374
99.931101 -3.033743
99.920525 -3.019112
99.909949 -3.004480
99.899373 -2.989849
99.888797 -2.975217
99.878221 -2.960585
99.867646 -2.945953
99.857072 -2.931321
99.846497 -2.916689
99.835923 -2.902057
99.825349 -2.887425
99.814775 -2.872792
99.804202 -2.858160
99.793629 -2.843527
99.783056 -2.828894
99.772483 -2.814261
99.761911 -2.799628
99.751339 -2.784995
99.740767 -2.770362
99.730196 -2.755728
99.719625 -2.741095
99.709054 -2.726461
99.698483 -2.711827
99.687913 -2.697194
99.677343 -2.682560
99.666773 -2.667926
99.656203 -2.653292
99.645634 -2.638657
99.635065 -2.624023
99.624496 -2.609389
100.453589 -3.725348
100.442997 -3.710723
100.432404 -3.696098
100.421812 -3.681473
100.411221 -3.666847
100.400630 -3.652222
100.390039 -3.637596
100.379448 -3.622971
100.368858 -3.608345
100.358269 -3.593719
100.347679 -3.579093
100.337090 -3.564466
100.326501 -3.549840
100.315913 -3.535213
100.305325 -3.520587
100.294738 -3.505960
100.284150 -3.491333
100.273563 -3.476706
100.262977 -3.462079
100.252390 -3.447451
100.241804 -3.432824
100.231219 -3.418196
100.220634 -3.403568
100.210049 -3.388940
100.199464 -3.374312
100.188880 -3.359684
100.178296 -3.345056
100.167712 -3.330427
100.157129 -3.315799
100.146546 -3.301170
100.135964 -3.286541
100.125381 -3.271912
100.114799 -3.257283
100.104218 -3.242654
100.093636 -3.228025
100.083055 -3.213395
100.072475 -3.198766
100.061894 -3.184136
100.051314 -3.169506
100.040735 -3.154876
100.030155 -3.140246
100.019576 -3.125616
100.008997 -3.110986
99.998419 -3.096355
99.987840 -3.081725
99.977263 -3.067094
99.966685 -3.052463
99.956108 -3.037832
99.945531 -3.023201
99.934954 -3.008570
99.924378 -2.993939
99.913802 -2.979307
99.903226 -2.964676
99.892650 -2.950044
99.882075 -2.935412
99.871500 -2.920780
99.860926 -2.906148
99.850351 -2.891516
99.839777 -2.876884
99.829203 -2.862252
99.818630 -2.847619
99.808057 -2.832987
99.797484 -2.818354
99.786911 -2.803721
99.776339 -2.789088
99.765767 -2.774455
99.755195 -2.759822
99.744624 -2.745189
99.734052 -2.730556
99.723481 -2.715922
99.712911 -2.701289
99.702340 -2.686655
99.691770 -2.672021
99.681200 -2.657387
99.670630 -2.642753
99.660061 -2.628119
99.649492 -2.613485
99.638923 -2.598851
