>-Z3.330469212
25.6915 34.4366
21.3763 38.1962
>-Z1.515476448
25.6998 34.4962
20.3734 38.2385
>-Z1.492415678
25.6934 34.3652
20.5746 38.6839
>-Z1.594381058
25.5798 34.3396
20.5746 38.6839
>-Z2.298698594
25.6073 34.3121
21.71 37.952
>-Z4.528032642
25.0882 34.6756
21.9058 38.4269
>-Z1.740333828
26.1795 35.2176
22.401 40.957
>-Z2.643686645
25.5798 34.4714
24.08738 34.83914
>-Z1.439880225
24.31 34.7086
24.08738 34.83914
>-Z2.313472588
26.3168 35.6003
24.08738 34.83914
>-Z1.519769599
24.31 34.7086
24.0585 34.8389
>-Z3.133821729
25.5542 34.5483
25.0709 35.3058
>-Z1.735733169
26.2926 35.6319
25.0709 35.3058
>-Z1.646567972
26.293 35.6314
24.89 35.288
>-Z2.190906508
26.2926 35.6319
24.89 35.288
>-Z3.920621247
25.2393 34.3213
20.3299 39.5315
>-Z1.536068751
26.2926 35.6319
24.7995 34.9731
>-Z1.787024488
25.2393 34.3213
20.84874 39.65616
>-Z2.768633537
24.0335 34.866
27.16106 35.5471
>-Z1.979816205
25.5762 34.3066
22.898 41.162
>-Z1.61428607
25.5762 34.3066
25.18055 39.89725
>-Z3.252528941
26.1887 35.2597
23.513386 38.078751
>-Z1.533317326
25.6375 34.4577
23.22189 39.30567
>-Z2.231587644
25.5762 34.3066
23.22189 39.30567
>-Z1.553380916
25.5606 34.3295
21.0489 40.4147
>-Z1.494790431
26.2926 35.6319
25.61037 35.26134
>-Z2.089665225
25.5762 34.3066
23.86517 41.34846
>-Z2.256085068
25.5762 34.3066
21.13842 40.19588
>-Z1.896796735
26.1795 35.2176
20.7715 38.076
>-Z1.484973592
25.6375 34.4577
25.53045 40.47094
>-Z1.687148768
25.6375 34.4577
23.3539 40.8217
>-Z3.074952741
25.9195 35.2927
23.595 41.10866
>-Z2.63889912
25.6375 34.4577
23.544045 38.176616
>-Z4.303828953
26.1795 35.2176
26.0909 35.2021
>-Z6.981611932
25.2933 34.9338
26.0909 35.2021
>-Z1.900813335
26.2926 35.6319
22.1902 36.9347
>-Z1.705092631
25.5606 34.3295
24.7194 40.6064
>-Z1.776842108
26.1795 35.2176
22.3793 37.3703
>-Z4.288927385
25.8563 34.5538
23.7942 37.8524
>-Z2.759161038
25.2933 34.9338
26.21691 35.1147
