99.904113 -4.102836
99.888230 -4.080890
99.872348 -4.058943
99.856467 -4.036996
99.840586 -4.015048
99.824707 -3.993101
99.808828 -3.971153
99.792949 -3.949205
99.777072 -3.927256
99.761195 -3.905307
99.745320 -3.883358
99.729445 -3.861409
99.713570 -3.839459
99.697697 -3.817509
99.681824 -3.795559
99.665952 -3.773608
99.650081 -3.751658
99.634211 -3.729707
99.618341 -3.707755
99.602472 -3.685804
99.586604 -3.663852
99.570736 -3.641900
99.554870 -3.619948
99.539003 -3.597995
99.523138 -3.576042
99.507274 -3.554089
99.491410 -3.532136
99.475546 -3.510182
99.459684 -3.488228
99.443822 -3.466274
99.427961 -3.444320
99.412101 -3.422365
99.396241 -3.400410
99.380382 -3.378455
99.364523 -3.356500
99.348666 -3.334544
99.332809 -3.312588
99.316952 -3.290632
99.301096 -3.268676
99.285241 -3.246720
99.269387 -3.224763
99.253533 -3.202806
99.237680 -3.180849
99.221827 -3.158891
99.205975 -3.136934
99.190124 -3.114976
99.174273 -3.093018
99.158423 -3.071059
99.142574 -3.049101
99.126725 -3.027142
99.110876 -3.005183
99.095029 -2.983224
99.925781 -4.087023
99.909898 -4.065077
99.894016 -4.043131
99.878134 -4.021184
99.862253 -3.999237
99.846373 -3.977290
99.830494 -3.955342
99.814616 -3.933394
99.798738 -3.911446
99.782861 -3.889497
99.766985 -3.867549
99.751110 -3.845600
99.735235 -3.823650
99.719362 -3.801701
99.703489 -3.779751
99.687617 -3.757801
99.671745 -3.735850
99.655874 -3.713900
99.640004 -3.691949
99.624135 -3.669998
99.608267 -3.648046
99.592399 -3.626094
99.576532 -3.604142
99.560666 -3.582190
99.544800 -3.560238
99.528935 -3.538285
99.513071 -3.516332
99.497208 -3.494379
99.481345 -3.472425
99.465483 -3.450471
99.449621 -3.428517
99.433761 -3.406563
99.417901 -3.384609
99.402041 -3.362654
99.386183 -3.340699
99.370325 -3.318744
99.354467 -3.296788
99.338611 -3.274832
99.322755 -3.252876
99.306899 -3.230920
99.291045 -3.208964
99.275191 -3.187007
99.259337 -3.165050
99.243484 -3.143093
99.227632 -3.121136
99.211780 -3.099178
99.195929 -3.077221
99.180079 -3.055263
99.164229 -3.033305
99.148380 -3.011346
99.132532 -2.989388
99.116684 -2.967429
99.947449 -4.071210
99.931565 -4.049264
99.915683 -4.027318
99.899801 -4.005372
99.883920 -3.983425
99.868039 -3.961478
99.852160 -3.939531
99.836281 -3.917583
99.820403 -3.895635
99.804526 -3.873687
99.788650 -3.851739
99.772774 -3.829790
99.756900 -3.807841
99.741026 -3.785892
99.725153 -3.763943
99.709280 -3.741993
99.693408 -3.720043
99.677537 -3.698092
99.661667 -3.676142
99.645798 -3.654191
99.629929 -3.632240
99.614061 -3.610289
99.598194 -3.588337
99.582327 -3.566385
99.566461 -3.544433
99.550596 -3.522480
99.534732 -3.500528
99.518868 -3.478575
99.503005 -3.456622
99.487143 -3.434668
99.471281 -3.412714
99.455420 -3.390761
99.439560 -3.368806
99.423700 -3.346852
99.407841 -3.324897
99.391983 -3.302942
99.376126 -3.280987
99.360269 -3.259032
99.344412 -3.237076
99.328557 -3.215120
99.312702 -3.193164
99.296847 -3.171208
99.280994 -3.149252
99.265141 -3.127295
99.249288 -3.105338
99.233436 -3.083381
99.217585 -3.061423
99.201734 -3.039466
99.185884 -3.017508
99.170035 -2.995550
99.154186 -2.973591
99.138338 -2.951633
99.969115 -4.055396
99.953231 -4.033450
99.937349 -4.011505
99.921466 -3.989559
99.905585 -3.967612
99.889705 -3.945666
99.873825 -3.923719
99.857946 -3.901772
99.842068 -3.879824
99.826191 -3.857877
99.810314 -3.835929
99.794438 -3.813980
99.778563 -3.792032
99.762689 -3.770083
99.746816 -3.748134
99.730943 -3.726184
99.715071 -3.704235
99.699200 -3.682285
99.683329 -3.660334
99.667459 -3.638384
99.651591 -3.616433
99.635722 -3.594482
99.619855 -3.572531
99.603988 -3.550579
99.588122 -3.528627
99.572256 -3.506675
99.556392 -3.484723
99.540528 -3.462770
99.524665 -3.440818
99.508802 -3.418864
99.492940 -3.396911
99.477079 -3.374958
99.461218 -3.353004
99.445359 -3.331050
99.429499 -3.309095
99.413641 -3.287141
99.397783 -3.265186
99.381926 -3.243231
99.366069 -3.221276
99.350214 -3.199320
99.334358 -3.177364
99.318504 -3.155408
99.302650 -3.133452
99.286796 -3.111496
99.270944 -3.089539
99.255092 -3.067582
99.239240 -3.045625
99.223389 -3.023668
99.207539 -3.001710
99.191689 -2.979752
99.175840 -2.957795
99.159992 -2.935836
99.990781 -4.039581
99.974897 -4.017636
99.959014 -3.995691
99.943131 -3.973745
99.927250 -3.951799
99.911369 -3.929853
99.895489 -3.907907
99.879610 -3.885960
99.863732 -3.864013
99.847854 -3.842065
99.831977 -3.820118
99.816101 -3.798170
99.800226 -3.776222
99.784351 -3.754273
99.768478 -3.732324
99.752605 -3.710375
99.736733 -3.688426
99.720861 -3.666476
99.704990 -3.644526
99.689120 -3.622576
99.673251 -3.600626
99.657383 -3.578675
99.641515 -3.556724
99.625648 -3.534773
99.609782 -3.512822
99.593916 -3.490870
99.578051 -3.468918
99.562187 -3.446966
99.546323 -3.425013
99.530461 -3.403060
99.514598 -3.381107
99.498737 -3.359154
99.482876 -3.337201
99.467016 -3.315247
99.451157 -3.293293
99.435298 -3.271339
99.419440 -3.249384
99.403582 -3.227429
99.387726 -3.205474
99.371870 -3.183519
99.356014 -3.161564
99.340159 -3.139608
99.324305 -3.117652
99.308451 -3.095696
99.292598 -3.073740
99.276746 -3.051783
99.260894 -3.029827
99.245043 -3.007870
99.229193 -2.985912
99.213343 -2.963955
99.197493 -2.941997
99.181645 -2.920039
100.012446 -4.023766
99.996562 -4.001821
99.980678 -3.979876
99.964796 -3.957931
99.948914 -3.935986
99.933033 -3.914040
99.917153 -3.892094
99.901273 -3.870147
99.885395 -3.848201
99.869517 -3.826254
99.853640 -3.804306
99.837763 -3.782359
99.821888 -3.760411
99.806013 -3.738463
99.790139 -3.716514
99.774266 -3.694566
99.758394 -3.672617
99.742522 -3.650667
99.726651 -3.628718
99.710781 -3.606768
99.694911 -3.584818
99.679043 -3.562868
99.663175 -3.540917
99.647307 -3.518966
99.631441 -3.497015
99.615575 -3.475064
99.599710 -3.453112
99.583845 -3.431160
99.567981 -3.409208
99.552118 -3.387256
99.536256 -3.365303
99.520394 -3.343350
99.504533 -3.321397
99.488673 -3.299443
99.472813 -3.277490
99.456954 -3.255536
99.441096 -3.233582
99.425238 -3.211627
99.409381 -3.189673
99.393525 -3.167718
99.377669 -3.145763
99.361814 -3.123808
99.345960 -3.101852
99.330106 -3.079896
99.314252 -3.057940
99.298400 -3.035984
99.282548 -3.014027
99.266697 -2.992071
99.250846 -2.970114
99.234996 -2.948157
99.219146 -2.926199
99.203297 -2.904242
100.034110 -4.007951
100.018226 -3.986006
100.002342 -3.964062
99.986459 -3.942117
99.970577 -3.920172
99.954696 -3.898226
99.938815 -3.876280
99.922936 -3.854334
99.907057 -3.832388
99.891179 -3.810441
99.875301 -3.788494
99.859425 -3.766547
99.843549 -3.744600
99.827674 -3.722652
99.811800 -3.700704
99.795927 -3.678756
99.780054 -3.656807
99.764182 -3.634858
99.748311 -3.612909
99.732440 -3.590959
99.716571 -3.569010
99.700702 -3.547060
99.684833 -3.525109
99.668966 -3.503159
99.653099 -3.481208
99.637233 -3.459257
99.621367 -3.437306
99.605503 -3.415354
99.589639 -3.393402
99.573775 -3.371450
99.557913 -3.349498
99.542051 -3.327545
99.526190 -3.305593
99.510329 -3.283640
99.494469 -3.261686
99.478610 -3.239733
99.462751 -3.217779
99.446893 -3.195825
99.431036 -3.173871
99.415179 -3.151916
99.399323 -3.129961
99.383468 -3.108006
99.367613 -3.086051
99.351759 -3.064096
99.335906 -3.042140
99.320053 -3.020184
99.304201 -2.998228
99.288349 -2.976272
99.272498 -2.954315
99.256648 -2.932358
99.240798 -2.910401
99.224949 -2.888444
100.055773 -3.992134
100.039889 -3.970191
100.024005 -3.948246
100.008122 -3.926302
99.992239 -3.904357
99.976358 -3.882412
99.960477 -3.860467
99.944597 -3.838521
99.928718 -3.816575
99.912840 -3.794629
99.896962 -3.772682
99.881086 -3.750735
99.865210 -3.728788
99.849334 -3.706841
99.833460 -3.684893
99.817586 -3.662945
99.801713 -3.640997
99.785841 -3.619048
99.769970 -3.597099
99.754099 -3.575150
99.738229 -3.553201
99.722360 -3.531251
99.706491 -3.509301
99.690624 -3.487351
99.674757 -3.465401
99.658890 -3.443450
99.643025 -3.421499
99.627160 -3.399548
99.611295 -3.377596
99.595432 -3.355645
99.579569 -3.333693
99.563707 -3.311740
99.547845 -3.289788
99.531984 -3.267835
99.516124 -3.245882
99.500265 -3.223929
99.484406 -3.201976
99.468548 -3.180022
99.452690 -3.158068
99.436833 -3.136114
99.420977 -3.114159
99.405122 -3.092205
99.389267 -3.070250
99.373412 -3.048295
99.357559 -3.026339
99.341705 -3.004384
99.325853 -2.982428
99.310001 -2.960472
99.294150 -2.938516
99.278299 -2.916559
99.262449 -2.894602
99.246600 -2.872645
100.077436 -3.976318
100.061551 -3.954374
100.045667 -3.932431
100.029784 -3.910486
100.013901 -3.888542
99.998019 -3.866597
99.982138 -3.844652
99.966258 -3.822707
99.950379 -3.800761
99.934500 -3.778815
99.918623 -3.756869
99.902746 -3.734923
99.886869 -3.712976
99.870994 -3.691029
99.855119 -3.669082
99.839245 -3.647134
99.823372 -3.625186
99.807500 -3.603238
99.791628 -3.581289
99.775757 -3.559341
99.759887 -3.537392
99.744018 -3.515442
99.728149 -3.493493
99.712281 -3.471543
99.696413 -3.449593
99.680547 -3.427642
99.664681 -3.405692
99.648816 -3.383741
99.632951 -3.361790
99.617088 -3.339838
99.601224 -3.317887
99.585362 -3.295935
99.569500 -3.273983
99.553639 -3.252030
99.537779 -3.230078
99.521919 -3.208125
99.506060 -3.186172
99.490202 -3.164218
99.474344 -3.142265
99.458487 -3.120311
99.442630 -3.098357
99.426774 -3.076402
99.410919 -3.054448
99.395065 -3.032493
99.379211 -3.010538
99.363357 -2.988583
99.347505 -2.966627
99.331652 -2.944672
99.315801 -2.922716
99.299950 -2.900759
99.284100 -2.878803
99.268250 -2.856847
100.099098 -3.960501
100.083213 -3.938558
100.067328 -3.916614
100.051445 -3.894671
100.035562 -3.872726
100.019680 -3.850782
100.003799 -3.828837
99.987918 -3.806892
99.972039 -3.784947
99.956160 -3.763002
99.940282 -3.741056
99.924405 -3.719110
99.908528 -3.697163
99.892653 -3.675217
99.876778 -3.653270
99.860904 -3.631322
99.845030 -3.609375
99.829158 -3.587427
99.813286 -3.565479
99.797415 -3.543530
99.781544 -3.521582
99.765674 -3.499633
99.749805 -3.477684
99.733937 -3.455734
99.718070 -3.433784
99.702203 -3.411834
99.686337 -3.389884
99.670471 -3.367934
99.654607 -3.345983
99.638742 -3.324032
99.622879 -3.302080
99.607016 -3.280129
99.591155 -3.258177
99.575293 -3.236225
99.559433 -3.214273
99.543573 -3.192320
99.527713 -3.170367
99.511855 -3.148414
99.495997 -3.126461
99.480139 -3.104508
99.464283 -3.082554
99.448426 -3.060600
99.432571 -3.038645
99.416716 -3.016691
99.400862 -2.994736
99.385008 -2.972781
99.369155 -2.950826
99.353303 -2.928871
99.337451 -2.906915
99.321600 -2.884959
99.305750 -2.863003
99.289900 -2.841047
100.120759 -3.944683
100.104873 -3.922741
100.088989 -3.900798
100.073105 -3.878854
100.057222 -3.856910
100.041340 -3.834966
100.025458 -3.813022
100.009578 -3.791078
99.993698 -3.769133
99.977819 -3.747187
99.961941 -3.725242
99.946063 -3.703296
99.930187 -3.681350
99.914311 -3.659404
99.898436 -3.637457
99.882561 -3.615510
99.866688 -3.593563
99.850815 -3.571616
99.834943 -3.549668
99.819071 -3.527720
99.803200 -3.505771
99.787331 -3.483823
99.771461 -3.461874
99.755593 -3.439925
99.739725 -3.417976
99.723858 -3.396026
99.707992 -3.374076
99.692126 -3.352126
99.676261 -3.330175
99.660397 -3.308225
99.644533 -3.286274
99.628670 -3.264322
99.612808 -3.242371
99.596947 -3.220419
99.581086 -3.198467
99.565225 -3.176515
99.549366 -3.154563
99.533507 -3.132610
99.517649 -3.110657
99.501791 -3.088704
99.485934 -3.066750
99.470078 -3.044797
99.454222 -3.022843
99.438367 -3.000888
99.422513 -2.978934
99.406659 -2.956979
99.390806 -2.935025
99.374953 -2.913070
99.359101 -2.891114
99.343250 -2.869159
99.327399 -2.847203
99.311549 -2.825247
100.142419 -3.928865
100.126534 -3.906923
100.110649 -3.884980
100.094765 -3.863037
100.078881 -3.841094
100.062999 -3.819150
100.047117 -3.797206
100.031237 -3.775262
100.015357 -3.753318
99.999477 -3.731373
99.983599 -3.709428
99.967721 -3.687482
99.951844 -3.665537
99.935968 -3.643591
99.920093 -3.621644
99.904218 -3.599698
99.888344 -3.577751
99.872471 -3.555804
99.856599 -3.533856
99.840727 -3.511909
99.824856 -3.489961
99.808986 -3.468012
99.793117 -3.446064
99.777248 -3.424115
99.761380 -3.402166
99.745513 -3.380217
99.729646 -3.358267
99.713780 -3.336317
99.697915 -3.314367
99.682050 -3.292417
99.666187 -3.270466
99.650323 -3.248515
99.634461 -3.226564
99.618599 -3.204613
99.602738 -3.182661
99.586878 -3.160709
99.571018 -3.138757
99.555159 -3.116805
99.539300 -3.094852
99.523442 -3.072899
99.507585 -3.050946
99.491729 -3.028993
99.475873 -3.007039
99.460017 -2.985085
99.444163 -2.963131
99.428309 -2.941177
99.412455 -2.919223
99.396602 -2.897268
99.380750 -2.875313
99.364899 -2.853358
99.349048 -2.831402
99.333197 -2.809447
100.164079 -3.913047
100.148193 -3.891105
100.132308 -3.869162
100.116424 -3.847220
100.100540 -3.825277
100.084657 -3.803334
100.068776 -3.781390
100.052895 -3.759446
100.037014 -3.737502
100.021135 -3.715558
100.005256 -3.693613
99.989378 -3.671668
99.973501 -3.649722
99.957625 -3.627777
99.941749 -3.605831
99.925874 -3.583885
99.910000 -3.561938
99.894127 -3.539991
99.878254 -3.518044
99.862382 -3.496097
99.846511 -3.474149
99.830641 -3.452202
99.814771 -3.430253
99.798902 -3.408305
99.783034 -3.386356
99.767166 -3.364407
99.751300 -3.342458
99.735433 -3.320509
99.719568 -3.298559
99.703703 -3.276609
99.687839 -3.254658
99.671976 -3.232708
99.656113 -3.210757
99.640251 -3.188806
99.624390 -3.166855
99.608529 -3.144903
99.592669 -3.122951
99.576810 -3.100999
99.560951 -3.079047
99.545093 -3.057095
99.529236 -3.035142
99.513379 -3.013189
99.497523 -2.991235
99.481667 -2.969282
99.465812 -2.947328
99.449958 -2.925374
99.434104 -2.903420
99.418251 -2.881466
99.402399 -2.859511
99.386547 -2.837556
99.370696 -2.815601
99.354845 -2.793646
100.185738 -3.897228
100.169851 -3.875286
100.153966 -3.853344
100.138082 -3.831402
100.122198 -3.809459
100.106315 -3.787516
100.090433 -3.765573
100.074552 -3.743630
100.058671 -3.721686
100.042792 -3.699742
100.026913 -3.677797
100.011034 -3.655853
99.995157 -3.633908
99.979281 -3.611963
99.963405 -3.590017
99.947530 -3.568071
99.931655 -3.546125
99.915782 -3.524179
99.899909 -3.502232
99.884037 -3.480285
99.868165 -3.458338
99.852295 -3.436390
99.836425 -3.414442
99.820556 -3.392494
99.804687 -3.370546
99.788819 -3.348597
99.772952 -3.326648
99.757086 -3.304699
99.741220 -3.282750
99.725355 -3.260800
99.709491 -3.238850
99.693628 -3.216900
99.677765 -3.194949
99.661902 -3.172999
99.646041 -3.151048
99.630180 -3.129097
99.614320 -3.107145
99.598460 -3.085193
99.582601 -3.063241
99.566743 -3.041289
99.550885 -3.019337
99.535028 -2.997384
99.519172 -2.975431
99.503316 -2.953478
99.487461 -2.931525
99.471606 -2.909571
99.455753 -2.887617
99.439899 -2.865663
99.424047 -2.843709
99.408194 -2.821754
99.392343 -2.799799
99.376492 -2.777844
100.207396 -3.881408
100.191509 -3.859467
100.175624 -3.837525
100.159739 -3.815584
100.143855 -3.793641
100.127972 -3.771699
100.112090 -3.749756
100.096208 -3.727813
100.080328 -3.705869
100.064448 -3.683926
100.048568 -3.661982
100.032690 -3.640037
100.016812 -3.618093
100.000936 -3.596148
99.985060 -3.574203
99.969184 -3.552257
99.953310 -3.530311
99.937436 -3.508365
99.921563 -3.486419
99.905691 -3.464472
99.889819 -3.442525
99.873948 -3.420578
99.858078 -3.398631
99.842209 -3.376683
99.826340 -3.354735
99.810472 -3.332787
99.794605 -3.310838
99.778738 -3.288889
99.762872 -3.266940
99.747007 -3.244991
99.731142 -3.223041
99.715279 -3.201091
99.699415 -3.179141
99.683553 -3.157191
99.667691 -3.135240
99.651830 -3.113289
99.635970 -3.091338
99.620110 -3.069387
99.604251 -3.047435
99.588392 -3.025483
99.572534 -3.003531
99.556677 -2.981579
99.540820 -2.959626
99.524964 -2.937673
99.509109 -2.915720
99.493254 -2.893767
99.477400 -2.871813
99.461547 -2.849860
99.445694 -2.827906
99.429841 -2.805951
99.413990 -2.783997
99.398139 -2.762042
100.229053 -3.865588
100.213166 -3.843647
100.197281 -3.821706
100.181396 -3.799765
100.165512 -3.777823
100.149628 -3.755881
100.133746 -3.733938
100.117864 -3.711995
100.101983 -3.690052
100.086103 -3.668109
100.070224 -3.646165
100.054345 -3.624221
100.038467 -3.602277
100.022590 -3.580333
100.006714 -3.558388
99.990838 -3.536443
99.974963 -3.514497
99.959089 -3.492551
99.943216 -3.470605
99.927344 -3.448659
99.911472 -3.426713
99.895601 -3.404766
99.879730 -3.382819
99.863861 -3.360871
99.847992 -3.338924
99.832124 -3.316976
99.816256 -3.295027
99.800389 -3.273079
99.784523 -3.251130
99.768658 -3.229181
99.752793 -3.207232
99.736929 -3.185283
99.721066 -3.163333
99.705203 -3.141383
99.689341 -3.119432
99.673480 -3.097482
99.657619 -3.075531
99.641759 -3.053580
99.625899 -3.031629
99.610041 -3.009677
99.594183 -2.987725
99.578325 -2.965773
99.562468 -2.943821
99.546612 -2.921868
99.530756 -2.899916
99.514902 -2.877963
99.499047 -2.856009
99.483193 -2.834056
99.467340 -2.812102
99.451488 -2.790148
99.435636 -2.768194
99.419784 -2.746240
100.250709 -3.849768
100.234823 -3.827827
100.218937 -3.805887
100.203052 -3.783945
100.187167 -3.762004
100.171284 -3.740062
100.155401 -3.718120
100.139519 -3.696178
100.123638 -3.674235
100.107757 -3.652292
100.091878 -3.630349
100.075999 -3.608405
100.060121 -3.586461
100.044244 -3.564517
100.028367 -3.542572
100.012491 -3.520628
99.996617 -3.498683
99.980742 -3.476737
99.964869 -3.454792
99.948996 -3.432846
99.933124 -3.410899
99.917253 -3.388953
99.901382 -3.367006
99.885512 -3.345059
99.869643 -3.323112
99.853775 -3.301164
99.837907 -3.279216
99.822040 -3.257268
99.806174 -3.235320
99.790308 -3.213371
99.774443 -3.191422
99.758579 -3.169473
99.742715 -3.147524
99.726852 -3.125574
99.710990 -3.103624
99.695128 -3.081674
99.679267 -3.059723
99.663407 -3.037773
99.647548 -3.015822
99.631689 -2.993870
99.615830 -2.971919
99.599973 -2.949967
99.584116 -2.928015
99.568259 -2.906063
99.552403 -2.884111
99.536548 -2.862158
99.520694 -2.840205
99.504840 -2.818252
99.488986 -2.796298
99.473133 -2.774345
99.457281 -2.752391
99.441430 -2.730437
100.272365 -3.833947
100.256478 -3.812007
100.240592 -3.790066
100.224707 -3.768126
100.208822 -3.746184
100.192938 -3.724243
100.177055 -3.702301
100.161173 -3.680359
100.145292 -3.658417
100.129411 -3.636474
100.113532 -3.614531
100.097652 -3.592588
100.081774 -3.570644
100.065897 -3.548701
100.050020 -3.526757
100.034144 -3.504812
100.018269 -3.482867
100.002394 -3.460922
99.986521 -3.438977
99.970648 -3.417032
99.954775 -3.395086
99.938904 -3.373140
99.923033 -3.351193
99.907163 -3.329246
99.891294 -3.307299
99.875425 -3.285352
99.859557 -3.263405
99.843690 -3.241457
99.827823 -3.219509
99.811957 -3.197561
99.796092 -3.175612
99.780228 -3.153663
99.764364 -3.131714
99.748501 -3.109765
99.732638 -3.087815
99.716777 -3.065865
99.700915 -3.043915
99.685055 -3.021965
99.669195 -3.000014
99.653336 -2.978063
99.637477 -2.956112
99.621619 -2.934161
99.605762 -2.912209
99.589905 -2.890257
99.574049 -2.868305
99.558194 -2.846353
99.542339 -2.824400
99.526485 -2.802447
99.510631 -2.780494
99.494778 -2.758541
99.478926 -2.736587
99.463074 -2.714634
100.294020 -3.818126
100.278133 -3.796186
100.262247 -3.774246
100.246361 -3.752305
100.230476 -3.730364
100.214592 -3.708423
100.198709 -3.686482
100.182827 -3.664540
100.166945 -3.642598
100.151064 -3.620656
100.135184 -3.598714
100.119305 -3.576771
100.103427 -3.554827
100.087549 -3.532884
100.071672 -3.510940
100.055796 -3.488996
100.039920 -3.467052
100.024046 -3.445107
100.008172 -3.423162
99.992299 -3.401217
99.976426 -3.379272
99.960554 -3.357326
99.944683 -3.335380
99.928813 -3.313433
99.912944 -3.291487
99.897075 -3.269540
99.881207 -3.247593
99.865339 -3.225645
99.849472 -3.203697
99.833606 -3.181750
99.817741 -3.159801
99.801876 -3.137853
99.786012 -3.115904
99.770149 -3.093955
99.754286 -3.072006
99.738424 -3.050056
99.722563 -3.028106
99.706702 -3.006156
99.690842 -2.984206
99.674983 -2.962255
99.659124 -2.940305
99.643266 -2.918354
99.627408 -2.896402
99.611551 -2.874451
99.595695 -2.852499
99.579839 -2.830547
99.563984 -2.808595
99.548130 -2.786642
99.532276 -2.764689
99.516423 -2.742736
99.500570 -2.720783
99.484718 -2.698830
100.315675 -3.802304
100.299787 -3.780364
100.283901 -3.758425
100.268015 -3.736484
100.252130 -3.714544
100.236246 -3.692603
100.220362 -3.670662
100.204480 -3.648721
100.188598 -3.626779
100.172717 -3.604838
100.156837 -3.582895
100.140957 -3.560953
100.125079 -3.539010
100.109201 -3.517067
100.093323 -3.495123
100.077447 -3.473180
100.061571 -3.451236
100.045696 -3.429291
100.029822 -3.407347
100.013949 -3.385402
99.998076 -3.363457
99.982204 -3.341511
99.966333 -3.319566
99.950463 -3.297620
99.934593 -3.275673
99.918724 -3.253727
99.902855 -3.231780
99.886988 -3.209833
99.871121 -3.187886
99.855254 -3.165938
99.839389 -3.143990
99.823524 -3.122042
99.807660 -3.100093
99.791796 -3.078145
99.775933 -3.056196
99.760071 -3.034247
99.744209 -3.012297
99.728348 -2.990347
99.712488 -2.968397
99.696628 -2.946447
99.680770 -2.924497
99.664911 -2.902546
99.649053 -2.880595
99.633196 -2.858644
99.617340 -2.836692
99.601484 -2.814741
99.585629 -2.792789
99.569774 -2.770837
99.553920 -2.748884
99.538067 -2.726931
99.522214 -2.704979
99.506362 -2.683025
100.337328 -3.786481
100.321441 -3.764542
100.305554 -3.742603
100.289668 -3.720663
100.273783 -3.698723
100.257898 -3.676783
100.242015 -3.654842
100.226132 -3.632901
100.210250 -3.610960
100.194369 -3.589019
100.178488 -3.567077
100.162608 -3.545134
100.146730 -3.523192
100.130851 -3.501249
100.114974 -3.479306
100.099097 -3.457363
100.083222 -3.435419
100.067347 -3.413475
100.051472 -3.391531
100.035599 -3.369587
100.019726 -3.347642
100.003853 -3.325697
99.987982 -3.303751
99.972111 -3.281806
99.956241 -3.259860
99.940372 -3.237914
99.924503 -3.215967
99.908636 -3.194020
99.892768 -3.172073
99.876902 -3.150126
99.861036 -3.128178
99.845171 -3.106231
99.829306 -3.084282
99.813443 -3.062334
99.797580 -3.040385
99.781717 -3.018437
99.765855 -2.996487
99.749994 -2.974538
99.734134 -2.952588
99.718274 -2.930639
99.702415 -2.908688
99.686556 -2.886738
99.670698 -2.864787
99.654841 -2.842836
99.638984 -2.820885
99.623128 -2.798934
99.607273 -2.776982
99.591418 -2.755030
99.575564 -2.733078
99.559710 -2.711126
99.543857 -2.689173
99.528004 -2.667221
100.358981 -3.770659
100.343093 -3.748720
100.327206 -3.726781
100.311320 -3.704842
100.295435 -3.682902
100.279550 -3.660962
100.263666 -3.639022
100.247783 -3.617081
100.231901 -3.595140
100.216020 -3.573199
100.200139 -3.551258
100.184259 -3.529316
100.168380 -3.507374
100.152502 -3.485431
100.136624 -3.463489
100.120747 -3.441546
100.104871 -3.419602
100.088996 -3.397659
100.073121 -3.375715
100.057247 -3.353771
100.041374 -3.331826
100.025502 -3.309881
100.009630 -3.287936
99.993759 -3.265991
99.977889 -3.244046
99.962020 -3.222100
99.946151 -3.200154
99.930283 -3.178207
99.914415 -3.156260
99.898549 -3.134313
99.882683 -3.112366
99.866817 -3.090419
99.850953 -3.068471
99.835089 -3.046523
99.819225 -3.024575
99.803363 -3.002626
99.787501 -2.980677
99.771639 -2.958728
99.755779 -2.936779
99.739919 -2.914829
99.724059 -2.892880
99.708200 -2.870929
99.692342 -2.848979
99.676485 -2.827029
99.660628 -2.805078
99.644771 -2.783127
99.628916 -2.761175
99.613061 -2.739224
99.597206 -2.717272
99.581352 -2.695320
99.565499 -2.673368
99.549646 -2.651415
100.380633 -3.754835
100.364745 -3.732897
100.348858 -3.710958
100.332972 -3.689019
100.317086 -3.667080
100.301201 -3.645141
100.285317 -3.623201
100.269434 -3.601260
100.253552 -3.579320
100.237670 -3.557379
100.221789 -3.535438
100.205909 -3.513496
100.190030 -3.491555
100.174151 -3.469613
100.158273 -3.447670
100.142396 -3.425728
100.126520 -3.403785
100.110644 -3.381842
100.094770 -3.359898
100.078896 -3.337954
100.063022 -3.316010
100.047150 -3.294066
100.031278 -3.272121
100.015407 -3.250176
99.999536 -3.228231
99.983667 -3.206285
99.967798 -3.184340
99.951929 -3.162393
99.936062 -3.140447
99.920195 -3.118501
99.904329 -3.096554
99.888463 -3.074606
99.872598 -3.052659
99.856734 -3.030711
99.840870 -3.008763
99.825008 -2.986815
99.809145 -2.964867
99.793284 -2.942918
99.777423 -2.920969
99.761563 -2.899020
99.745703 -2.877070
99.729844 -2.855121
99.713986 -2.833171
99.698128 -2.811220
99.682271 -2.789270
99.666414 -2.767319
99.650558 -2.745368
99.634703 -2.723417
99.618848 -2.701465
99.602994 -2.679514
99.587141 -2.657562
99.571288 -2.635610
100.402285 -3.739012
100.386396 -3.717074
100.370509 -3.695135
100.354622 -3.673197
100.338737 -3.651258
100.322852 -3.629319
100.306967 -3.607379
100.291084 -3.585439
100.275201 -3.563499
100.259319 -3.541559
100.243438 -3.519618
100.227558 -3.497677
100.211679 -3.475735
100.195800 -3.453794
100.179922 -3.431852
100.164045 -3.409909
100.148168 -3.387967
100.132292 -3.366024
100.116417 -3.344081
100.100543 -3.322137
100.084670 -3.300194
100.068797 -3.278250
100.052925 -3.256305
100.037054 -3.234361
100.021183 -3.212416
100.005313 -3.190471
99.989444 -3.168525
99.973575 -3.146579
99.957707 -3.124633
99.941840 -3.102687
99.925974 -3.080741
99.910108 -3.058794
99.894243 -3.036847
99.878379 -3.014899
99.862515 -2.992952
99.846652 -2.971004
99.830789 -2.949056
99.814928 -2.927107
99.799066 -2.905159
99.783206 -2.883210
99.767346 -2.861261
99.751487 -2.839311
99.735628 -2.817361
99.719770 -2.795412
99.703913 -2.773461
99.688056 -2.751511
99.672200 -2.729560
99.656345 -2.707609
99.640490 -2.685658
99.624636 -2.663707
99.608782 -2.641755
99.592929 -2.619803
100.423935 -3.723187
100.408047 -3.701250
100.392159 -3.679312
100.376272 -3.657374
100.360386 -3.635435
100.344501 -3.613496
100.328617 -3.591557
100.312733 -3.569618
100.296850 -3.547678
100.280968 -3.525738
100.265087 -3.503797
100.249207 -3.481857
100.233327 -3.459916
100.217448 -3.437974
100.201570 -3.416033
100.185692 -3.394091
100.169816 -3.372148
100.153940 -3.350206
100.138065 -3.328263
100.122190 -3.306320
100.106316 -3.284377
100.090443 -3.262433
100.074571 -3.240489
100.058700 -3.218545
100.042829 -3.196600
100.026959 -3.174655
100.011089 -3.152710
99.995220 -3.130765
99.979352 -3.108819
99.963485 -3.086873
99.947618 -3.064927
99.931753 -3.042981
99.915887 -3.021034
99.900023 -2.999087
99.884159 -2.977140
99.868295 -2.955192
99.852433 -2.933244
99.836571 -2.911296
99.820709 -2.889348
99.804849 -2.867399
99.788989 -2.845450
99.773129 -2.823501
99.757271 -2.801552
99.741412 -2.779602
99.725555 -2.757652
99.709698 -2.735702
99.693842 -2.713752
99.677986 -2.691802
99.662131 -2.669851
99.646276 -2.647900
99.630423 -2.625948
99.614569 -2.603997
100.445585 -3.707363
100.429697 -3.685425
100.413809 -3.663488
100.397922 -3.641550
100.382036 -3.619612
100.366150 -3.597673
100.350266 -3.575735
100.334382 -3.553796
100.318499 -3.531856
100.302617 -3.509916
100.286735 -3.487976
100.270854 -3.466036
100.254975 -3.444095
100.239095 -3.422154
100.223217 -3.400213
100.207339 -3.378271
100.191462 -3.356330
100.175586 -3.334387
100.159711 -3.312445
100.143836 -3.290502
100.127962 -3.268559
100.112089 -3.246616
100.096217 -3.224672
100.080345 -3.202728
100.064474 -3.180784
100.048604 -3.158840
100.032734 -3.136895
100.016865 -3.114950
100.000997 -3.093004
99.985129 -3.071059
99.969262 -3.049113
99.953396 -3.027167
99.937531 -3.005220
99.921666 -2.983274
99.905802 -2.961327
99.889938 -2.939380
99.874076 -2.917432
99.858213 -2.895484
99.842352 -2.873536
99.826491 -2.851588
99.810631 -2.829640
99.794771 -2.807691
99.778912 -2.785742
99.763054 -2.763793
99.747196 -2.741843
99.731339 -2.719893
99.715482 -2.697943
99.699627 -2.675993
99.683771 -2.654043
99.667917 -2.632092
99.652062 -2.610141
99.636209 -2.588190
100.467235 -3.691538
100.451346 -3.669601
100.435458 -3.647664
100.419571 -3.625726
100.403684 -3.603788
100.387799 -3.581850
100.371914 -3.559912
100.356030 -3.537973
100.340147 -3.516034
100.324264 -3.494095
100.308382 -3.472155
100.292502 -3.450215
100.276621 -3.428275
100.260742 -3.406334
100.244864 -3.384393
100.228986 -3.362452
100.213109 -3.340510
100.197232 -3.318568
100.181357 -3.296626
100.165482 -3.274684
100.149608 -3.252741
100.133734 -3.230798
100.117862 -3.208855
100.101990 -3.186911
100.086118 -3.164968
100.070248 -3.143023
100.054378 -3.121079
100.038509 -3.099134
100.022641 -3.077189
100.006773 -3.055244
99.990906 -3.033299
99.975039 -3.011353
99.959174 -2.989407
99.943309 -2.967460
99.927444 -2.945514
99.911581 -2.923567
99.895718 -2.901620
99.879855 -2.879672
99.863994 -2.857725
99.848132 -2.835777
99.832272 -2.813829
99.816412 -2.791880
99.800553 -2.769931
99.784695 -2.747983
99.768837 -2.726033
99.752979 -2.704084
99.737123 -2.682134
99.721266 -2.660184
99.705411 -2.638234
99.689556 -2.616284
99.673702 -2.594333
99.657848 -2.572382
