99.921566 -4.104074
99.908329 -4.085785
99.895094 -4.067497
99.881859 -4.049208
99.868624 -4.030919
99.855390 -4.012630
99.842157 -3.994340
99.828924 -3.976050
99.815691 -3.957760
99.802460 -3.939470
99.789228 -3.921180
99.775998 -3.902890
99.762767 -3.884599
99.749538 -3.866308
99.736309 -3.848017
99.723080 -3.829726
99.709852 -3.811434
99.696625 -3.793143
99.683398 -3.774851
99.670171 -3.756559
99.656945 -3.738266
99.643720 -3.719974
99.630495 -3.701681
99.617271 -3.683389
99.604047 -3.665096
99.590824 -3.646803
99.577601 -3.628509
99.564379 -3.610216
99.551157 -3.591922
99.537936 -3.573628
99.524715 -3.555334
99.511494 -3.537040
99.498275 -3.518745
99.485055 -3.500451
99.471836 -3.482156
99.458618 -3.463861
99.445400 -3.445566
99.432183 -3.427271
99.418966 -3.408975
99.405749 -3.390680
99.392533 -3.372384
99.379318 -3.354088
99.366103 -3.335792
99.352888 -3.317496
99.339674 -3.299199
99.326460 -3.280903
99.313247 -3.262606
99.300034 -3.244309
99.286822 -3.226012
99.273610 -3.207715
99.260398 -3.189417
99.247187 -3.171120
99.233977 -3.152822
99.220767 -3.134524
99.207557 -3.116226
99.194348 -3.097928
99.181139 -3.079630
99.167930 -3.061331
99.154722 -3.043033
99.141515 -3.024734
99.128308 -3.006435
99.115101 -2.988136
99.101894 -2.969837
99.939622 -4.090896
99.926386 -4.072608
99.913150 -4.054320
99.899915 -4.036031
99.886680 -4.017742
99.873446 -3.999453
99.860212 -3.981164
99.846979 -3.962874
99.833746 -3.944585
99.820514 -3.926295
99.807283 -3.908005
99.794052 -3.889715
99.780822 -3.871424
99.767592 -3.853134
99.754363 -3.834843
99.741134 -3.816552
99.727906 -3.798260
99.714678 -3.779969
99.701451 -3.761677
99.688225 -3.743386
99.674999 -3.725094
99.661773 -3.706802
99.648548 -3.688509
99.635323 -3.670217
99.622099 -3.651924
99.608876 -3.633631
99.595653 -3.615338
99.582430 -3.597045
99.569208 -3.578751
99.555987 -3.560458
99.542766 -3.542164
99.529545 -3.523870
99.516325 -3.505576
99.503106 -3.487281
99.489887 -3.468987
99.476668 -3.450692
99.463450 -3.432397
99.450233 -3.414102
99.437016 -3.395807
99.423799 -3.377512
99.410583 -3.359216
99.397367 -3.340920
99.384152 -3.322625
99.370937 -3.304329
99.357723 -3.286032
99.344509 -3.267736
99.331295 -3.249439
99.318082 -3.231143
99.304870 -3.212846
99.291658 -3.194549
99.278446 -3.176252
99.265235 -3.157954
99.252024 -3.139657
99.238814 -3.121359
99.225604 -3.103061
99.212394 -3.084764
99.199185 -3.066465
99.185977 -3.048167
99.172769 -3.029869
99.159561 -3.011570
99.146353 -2.993272
99.133146 -2.974973
99.119940 -2.956674
99.957678 -4.077718
99.944442 -4.059430
99.931206 -4.041142
99.917970 -4.022854
99.904735 -4.004565
99.891501 -3.986276
99.878267 -3.967987
99.865034 -3.949698
99.851801 -3.931409
99.838569 -3.913119
99.825337 -3.894829
99.812106 -3.876539
99.798876 -3.858249
99.785646 -3.839959
99.772416 -3.821668
99.759187 -3.803377
99.745959 -3.785086
99.732731 -3.766795
99.719504 -3.748504
99.706277 -3.730212
99.693051 -3.711921
99.679825 -3.693629
99.666600 -3.675337
99.653375 -3.657044
99.640151 -3.638752
99.626928 -3.620459
99.613704 -3.602166
99.600482 -3.583873
99.587260 -3.565580
99.574038 -3.547287
99.560817 -3.528993
99.547596 -3.510699
99.534376 -3.492405
99.521156 -3.474111
99.507937 -3.455817
99.494718 -3.437523
99.481500 -3.419228
99.468282 -3.400933
99.455065 -3.382638
99.441848 -3.364343
99.428632 -3.346048
99.415416 -3.327752
99.402200 -3.309457
99.388985 -3.291161
99.375771 -3.272865
99.362557 -3.254569
99.349343 -3.236272
99.336130 -3.217976
99.322917 -3.199679
99.309705 -3.181383
99.296493 -3.163086
99.283282 -3.144789
99.270071 -3.126491
99.256861 -3.108194
99.243650 -3.089896
99.230441 -3.071599
99.217232 -3.053301
99.204023 -3.035003
99.190814 -3.016705
99.177606 -2.998406
99.164399 -2.980108
99.151192 -2.961809
99.137985 -2.943510
99.975734 -4.064539
99.962497 -4.046252
99.949261 -4.027964
99.936025 -4.009676
99.922790 -3.991387
99.909555 -3.973099
99.896321 -3.954810
99.883088 -3.936521
99.869855 -3.918232
99.856623 -3.899943
99.843391 -3.881653
99.830160 -3.863364
99.816929 -3.845074
99.803699 -3.826783
99.790469 -3.808493
99.777240 -3.790203
99.764012 -3.771912
99.750784 -3.753621
99.737556 -3.735330
99.724329 -3.717039
99.711103 -3.698747
99.697877 -3.680455
99.684652 -3.662164
99.671427 -3.643872
99.658202 -3.625579
99.644979 -3.607287
99.631755 -3.588994
99.618532 -3.570702
99.605310 -3.552409
99.592088 -3.534115
99.578867 -3.515822
99.565646 -3.497529
99.552426 -3.479235
99.539206 -3.460941
99.525987 -3.442647
99.512768 -3.424353
99.499549 -3.406058
99.486331 -3.387764
99.473114 -3.369469
99.459897 -3.351174
99.446680 -3.332879
99.433464 -3.314584
99.420249 -3.296289
99.407033 -3.277993
99.393819 -3.259697
99.380605 -3.241401
99.367391 -3.223105
99.354177 -3.204809
99.340965 -3.186513
99.327752 -3.168216
99.314540 -3.149919
99.301329 -3.131622
99.288117 -3.113325
99.274907 -3.095028
99.261696 -3.076731
99.248487 -3.058433
99.235277 -3.040136
99.222068 -3.021838
99.208860 -3.003540
99.195652 -2.985242
99.182444 -2.966944
99.169237 -2.948645
99.156030 -2.930347
99.993789 -4.051361
99.980552 -4.033073
99.967315 -4.014786
99.954079 -3.996498
99.940844 -3.978210
99.927609 -3.959921
99.914375 -3.941633
99.901142 -3.923344
99.887909 -3.905055
99.874676 -3.886766
99.861444 -3.868477
99.848213 -3.850187
99.834982 -3.831898
99.821752 -3.813608
99.808522 -3.795318
99.795293 -3.777028
99.782064 -3.758737
99.768836 -3.740446
99.755608 -3.722156
99.742381 -3.703865
99.729154 -3.685573
99.715928 -3.667282
99.702703 -3.648990
99.689478 -3.630698
99.676253 -3.612406
99.663029 -3.594114
99.649806 -3.575822
99.636583 -3.557529
99.623360 -3.539237
99.610138 -3.520944
99.596917 -3.502651
99.583696 -3.484357
99.570475 -3.466064
99.557255 -3.447770
99.544036 -3.429477
99.530816 -3.411183
99.517598 -3.392888
99.504380 -3.374594
99.491162 -3.356300
99.477945 -3.338005
99.464728 -3.319710
99.451512 -3.301415
99.438296 -3.283120
99.425081 -3.264825
99.411866 -3.246529
99.398652 -3.228233
99.385438 -3.209938
99.372224 -3.191642
99.359011 -3.173345
99.345799 -3.155049
99.332586 -3.136753
99.319375 -3.118456
99.306163 -3.100159
99.292952 -3.081862
99.279742 -3.063565
99.266532 -3.045268
99.253322 -3.026970
99.240113 -3.008673
99.226905 -2.990375
99.213696 -2.972077
99.200488 -2.953779
99.187281 -2.935481
99.174074 -2.917183
100.011843 -4.038181
99.998606 -4.019894
99.985369 -4.001607
99.972133 -3.983319
99.958898 -3.965031
99.945663 -3.946743
99.932429 -3.928455
99.919195 -3.910167
99.905962 -3.891878
99.892729 -3.873589
99.879497 -3.855300
99.866265 -3.837011
99.853034 -3.818722
99.839804 -3.800432
99.826574 -3.782142
99.813344 -3.763852
99.800116 -3.745562
99.786887 -3.727272
99.773659 -3.708981
99.760432 -3.690690
99.747205 -3.672399
99.733979 -3.654108
99.720753 -3.635817
99.707528 -3.617525
99.694304 -3.599233
99.681079 -3.580941
99.667856 -3.562649
99.654632 -3.544357
99.641410 -3.526064
99.628188 -3.507772
99.614966 -3.489479
99.601745 -3.471186
99.588524 -3.452893
99.575304 -3.434599
99.562084 -3.416306
99.548865 -3.398012
99.535646 -3.379718
99.522428 -3.361424
99.509210 -3.343130
99.495993 -3.324835
99.482776 -3.306541
99.469559 -3.288246
99.456343 -3.269951
99.443128 -3.251656
99.429913 -3.233361
99.416698 -3.215065
99.403484 -3.196770
99.390270 -3.178474
99.377057 -3.160178
99.363844 -3.141882
99.350632 -3.123586
99.337420 -3.105289
99.324209 -3.086993
99.310998 -3.068696
99.297787 -3.050399
99.284577 -3.032102
99.271367 -3.013805
99.258158 -2.995507
99.244949 -2.977210
99.231740 -2.958912
99.218532 -2.940614
99.205325 -2.922316
99.192118 -2.904018
100.029897 -4.025002
100.016659 -4.006715
100.003423 -3.988428
99.990187 -3.970140
99.976951 -3.951853
99.963716 -3.933565
99.950481 -3.915277
99.937247 -3.896989
99.924014 -3.878701
99.910781 -3.860412
99.897549 -3.842123
99.884317 -3.823834
99.871086 -3.805545
99.857855 -3.787256
99.844625 -3.768966
99.831396 -3.750676
99.818167 -3.732386
99.804938 -3.714096
99.791710 -3.695806
99.778483 -3.677515
99.765256 -3.659225
99.752029 -3.640934
99.738804 -3.622643
99.725578 -3.604351
99.712353 -3.586060
99.699129 -3.567768
99.685905 -3.549476
99.672682 -3.531184
99.659459 -3.512892
99.646237 -3.494599
99.633015 -3.476307
99.619793 -3.458014
99.606572 -3.439721
99.593352 -3.421428
99.580132 -3.403135
99.566913 -3.384841
99.553694 -3.366547
99.540475 -3.348254
99.527257 -3.329960
99.514040 -3.311665
99.500823 -3.293371
99.487606 -3.275076
99.474390 -3.256782
99.461174 -3.238487
99.447959 -3.220192
99.434744 -3.201897
99.421530 -3.183601
99.408316 -3.165306
99.395103 -3.147010
99.381890 -3.128714
99.368677 -3.110418
99.355465 -3.092122
99.342254 -3.073826
99.329043 -3.055529
99.315832 -3.037232
99.302621 -3.018936
99.289411 -3.000639
99.276202 -2.982342
99.262993 -2.964044
99.249784 -2.945747
99.236576 -2.927449
99.223368 -2.909151
99.210161 -2.890854
100.047950 -4.011822
100.034713 -3.993535
100.021476 -3.975248
100.008239 -3.956961
99.995004 -3.938674
99.981768 -3.920386
99.968534 -3.902099
99.955300 -3.883811
99.942066 -3.865523
99.928833 -3.847234
99.915601 -3.828946
99.902369 -3.810657
99.889137 -3.792368
99.875906 -3.774079
99.862676 -3.755790
99.849446 -3.737500
99.836217 -3.719211
99.822989 -3.700921
99.809760 -3.682631
99.796533 -3.664340
99.783306 -3.646050
99.770079 -3.627759
99.756853 -3.609468
99.743628 -3.591177
99.730403 -3.572886
99.717178 -3.554594
99.703954 -3.536303
99.690730 -3.518011
99.677507 -3.499719
99.664285 -3.481427
99.651063 -3.463134
99.637841 -3.444842
99.624620 -3.426549
99.611400 -3.408256
99.598180 -3.389963
99.584960 -3.371670
99.571741 -3.353376
99.558522 -3.335083
99.545304 -3.316789
99.532087 -3.298495
99.518869 -3.280201
99.505653 -3.261907
99.492436 -3.243612
99.479220 -3.225318
99.466005 -3.207023
99.452790 -3.188728
99.439576 -3.170433
99.426362 -3.152137
99.413148 -3.133842
99.399935 -3.115546
99.386722 -3.097250
99.373510 -3.078954
99.360298 -3.060658
99.347087 -3.042362
99.333876 -3.024066
99.320665 -3.005769
99.307455 -2.987472
99.294246 -2.969175
99.281036 -2.950878
99.267828 -2.932581
99.254619 -2.914284
99.241411 -2.895986
99.228204 -2.877689
100.066003 -3.998642
100.052765 -3.980355
100.039528 -3.962069
100.026292 -3.943782
100.013056 -3.925495
99.999820 -3.907207
99.986585 -3.888920
99.973351 -3.870632
99.960117 -3.852345
99.946884 -3.834056
99.933652 -3.815768
99.920420 -3.797480
99.907188 -3.779191
99.893957 -3.760902
99.880727 -3.742613
99.867497 -3.724324
99.854267 -3.706034
99.841039 -3.687745
99.827810 -3.669455
99.814582 -3.651165
99.801355 -3.632875
99.788128 -3.614584
99.774902 -3.596293
99.761676 -3.578003
99.748451 -3.559712
99.735227 -3.541420
99.722002 -3.523129
99.708779 -3.504837
99.695555 -3.486546
99.682333 -3.468254
99.669111 -3.449962
99.655889 -3.431669
99.642668 -3.413377
99.629447 -3.395084
99.616227 -3.376791
99.603007 -3.358498
99.589788 -3.340205
99.576569 -3.321912
99.563351 -3.303618
99.550133 -3.285324
99.536915 -3.267031
99.523698 -3.248736
99.510482 -3.230442
99.497266 -3.212148
99.484050 -3.193853
99.470835 -3.175558
99.457621 -3.157264
99.444407 -3.138968
99.431193 -3.120673
99.417979 -3.102378
99.404767 -3.084082
99.391554 -3.065787
99.378342 -3.047491
99.365131 -3.029195
99.351920 -3.010898
99.338709 -2.992602
99.325499 -2.974305
99.312289 -2.956009
99.299079 -2.937712
99.285870 -2.919415
99.272662 -2.901118
99.259454 -2.882821
99.246246 -2.864523
100.084055 -3.985461
100.070817 -3.967175
100.057580 -3.948888
100.044343 -3.930602
100.031107 -3.912315
100.017872 -3.894028
100.004637 -3.875741
99.991402 -3.857454
99.978168 -3.839166
99.964935 -3.820878
99.951702 -3.802590
99.938470 -3.784302
99.925238 -3.766013
99.912007 -3.747725
99.898777 -3.729436
99.885546 -3.711147
99.872317 -3.692858
99.859088 -3.674568
99.845859 -3.656279
99.832631 -3.637989
99.819404 -3.619699
99.806177 -3.601409
99.792951 -3.583118
99.779725 -3.564828
99.766499 -3.546537
99.753275 -3.528246
99.740050 -3.509955
99.726826 -3.491664
99.713603 -3.473372
99.700380 -3.455080
99.687158 -3.436789
99.673936 -3.418496
99.660715 -3.400204
99.647494 -3.381912
99.634273 -3.363619
99.621053 -3.345326
99.607834 -3.327033
99.594615 -3.308740
99.581396 -3.290447
99.568178 -3.272153
99.554961 -3.253860
99.541744 -3.235566
99.528527 -3.217272
99.515311 -3.198978
99.502095 -3.180683
99.488880 -3.162389
99.475665 -3.144094
99.462451 -3.125799
99.449237 -3.107504
99.436024 -3.089209
99.422811 -3.070914
99.409598 -3.052618
99.396386 -3.034323
99.383174 -3.016027
99.369963 -2.997731
99.356752 -2.979435
99.343542 -2.961138
99.330331 -2.942842
99.317122 -2.924545
99.303913 -2.906249
99.290704 -2.887952
99.277496 -2.869655
99.264288 -2.851357
100.102107 -3.972280
100.088869 -3.953994
100.075631 -3.935708
100.062394 -3.917422
100.049158 -3.899135
100.035922 -3.880848
100.022687 -3.862562
100.009453 -3.844274
99.996219 -3.825987
99.982985 -3.807699
99.969752 -3.789412
99.956520 -3.771124
99.943288 -3.752836
99.930057 -3.734547
99.916826 -3.716259
99.903596 -3.697970
99.890366 -3.679681
99.877137 -3.661392
99.863908 -3.643102
99.850680 -3.624813
99.837452 -3.606523
99.824225 -3.588233
99.810999 -3.569943
99.797773 -3.551653
99.784547 -3.533362
99.771322 -3.515071
99.758098 -3.496781
99.744874 -3.478489
99.731650 -3.460198
99.718427 -3.441907
99.705205 -3.423615
99.691983 -3.405323
99.678761 -3.387031
99.665540 -3.368739
99.652319 -3.350447
99.639099 -3.332154
99.625880 -3.313861
99.612661 -3.295568
99.599442 -3.277275
99.586224 -3.258982
99.573006 -3.240689
99.559789 -3.222395
99.546572 -3.204101
99.533356 -3.185807
99.520140 -3.167513
99.506924 -3.149219
99.493709 -3.130924
99.480495 -3.112630
99.467281 -3.094335
99.454067 -3.076040
99.440854 -3.057745
99.427641 -3.039450
99.414429 -3.021154
99.401217 -3.002859
99.388006 -2.984563
99.374795 -2.966267
99.361584 -2.947971
99.348374 -2.929675
99.335164 -2.911378
99.321955 -2.893082
99.308746 -2.874785
99.295537 -2.856488
99.282329 -2.838191
100.120158 -3.959099
100.106920 -3.940813
100.093682 -3.922527
100.080445 -3.904241
100.067209 -3.885955
100.053973 -3.867668
100.040737 -3.849382
100.027503 -3.831095
100.014268 -3.812808
100.001035 -3.794520
99.987802 -3.776233
99.974569 -3.757945
99.961337 -3.739657
99.948106 -3.721369
99.934875 -3.703081
99.921644 -3.684792
99.908414 -3.666504
99.895185 -3.648215
99.881956 -3.629926
99.868728 -3.611636
99.855500 -3.593347
99.842273 -3.575057
99.829046 -3.556767
99.815820 -3.538477
99.802594 -3.520187
99.789369 -3.501896
99.776145 -3.483606
99.762920 -3.465315
99.749697 -3.447024
99.736474 -3.428733
99.723251 -3.410441
99.710029 -3.392150
99.696807 -3.373858
99.683586 -3.355566
99.670365 -3.337274
99.657145 -3.318981
99.643925 -3.300689
99.630706 -3.282396
99.617487 -3.264103
99.604268 -3.245810
99.591051 -3.227517
99.577833 -3.209224
99.564616 -3.190930
99.551400 -3.172637
99.538184 -3.154343
99.524968 -3.136049
99.511753 -3.117754
99.498538 -3.099460
99.485324 -3.081165
99.472110 -3.062871
99.458897 -3.044576
99.445684 -3.026281
99.432471 -3.007986
99.419259 -2.989690
99.406048 -2.971395
99.392837 -2.953099
99.379626 -2.934803
99.366416 -2.916507
99.353206 -2.898211
99.339996 -2.879915
99.326787 -2.861618
99.313578 -2.843322
99.300370 -2.825025
100.138208 -3.945917
100.124970 -3.927632
100.111732 -3.909346
100.098495 -3.891060
100.085259 -3.872774
100.072023 -3.854488
100.058787 -3.836202
100.045552 -3.817915
100.032318 -3.799628
100.019084 -3.781341
100.005851 -3.763054
99.992618 -3.744766
99.979386 -3.726479
99.966154 -3.708191
99.952923 -3.689903
99.939693 -3.671615
99.926463 -3.653326
99.913233 -3.635037
99.900004 -3.616749
99.886776 -3.598459
99.873548 -3.580170
99.860320 -3.561881
99.847093 -3.543591
99.833867 -3.525301
99.820641 -3.507011
99.807416 -3.488721
99.794191 -3.470431
99.780967 -3.452140
99.767743 -3.433849
99.754519 -3.415558
99.741297 -3.397267
99.728074 -3.378976
99.714852 -3.360684
99.701631 -3.342392
99.688410 -3.324101
99.675190 -3.305808
99.661970 -3.287516
99.648750 -3.269224
99.635531 -3.250931
99.622313 -3.232638
99.609095 -3.214345
99.595877 -3.196052
99.582660 -3.177759
99.569443 -3.159465
99.556227 -3.141172
99.543011 -3.122878
99.529796 -3.104584
99.516581 -3.086290
99.503367 -3.067996
99.490153 -3.049701
99.476939 -3.031406
99.463726 -3.013112
99.450514 -2.994817
99.437301 -2.976521
99.424090 -2.958226
99.410878 -2.939931
99.397667 -2.921635
99.384457 -2.903339
99.371247 -2.885043
99.358037 -2.866747
99.344828 -2.848451
99.331619 -2.830154
99.318411 -2.811858
100.156258 -3.932735
100.143020 -3.914450
100.129782 -3.896165
100.116545 -3.877879
100.103308 -3.859593
100.090072 -3.841307
100.076836 -3.823021
100.063601 -3.804735
100.050367 -3.786448
100.037133 -3.768161
100.023899 -3.749874
100.010666 -3.731587
99.997434 -3.713300
99.984202 -3.695012
99.970971 -3.676724
99.957740 -3.658436
99.944510 -3.640148
99.931280 -3.621860
99.918051 -3.603571
99.904823 -3.585282
99.891595 -3.566993
99.878367 -3.548704
99.865140 -3.530415
99.851913 -3.512125
99.838687 -3.493835
99.825462 -3.475545
99.812237 -3.457255
99.799012 -3.438965
99.785788 -3.420674
99.772565 -3.402383
99.759342 -3.384093
99.746119 -3.365801
99.732897 -3.347510
99.719676 -3.329219
99.706455 -3.310927
99.693234 -3.292635
99.680014 -3.274343
99.666794 -3.256051
99.653575 -3.237759
99.640357 -3.219466
99.627138 -3.201173
99.613921 -3.182880
99.600703 -3.164587
99.587487 -3.146294
99.574270 -3.128001
99.561054 -3.109707
99.547839 -3.091413
99.534624 -3.073119
99.521409 -3.054825
99.508195 -3.036531
99.494981 -3.018237
99.481768 -2.999942
99.468555 -2.981647
99.455343 -2.963352
99.442131 -2.945057
99.428920 -2.926762
99.415708 -2.908466
99.402498 -2.890171
99.389288 -2.871875
99.376078 -2.853579
99.362868 -2.835283
99.349659 -2.816987
99.336451 -2.798691
100.174308 -3.919553
100.161069 -3.901268
100.147831 -3.882983
100.134594 -3.864698
100.121357 -3.846412
100.108121 -3.828126
100.094885 -3.809840
100.081650 -3.791554
100.068415 -3.773268
100.055181 -3.754981
100.041947 -3.736695
100.028714 -3.718408
100.015482 -3.700121
100.002250 -3.681833
99.989018 -3.663546
99.975787 -3.645258
99.962557 -3.626970
99.949327 -3.608682
99.936098 -3.590393
99.922869 -3.572105
99.909641 -3.553816
99.896413 -3.535527
99.883186 -3.517238
99.869959 -3.498949
99.856733 -3.480659
99.843507 -3.462369
99.830282 -3.444079
99.817058 -3.425789
99.803833 -3.407499
99.790610 -3.389208
99.777387 -3.370918
99.764164 -3.352627
99.750942 -3.334336
99.737720 -3.316045
99.724499 -3.297753
99.711278 -3.279462
99.698058 -3.261170
99.684838 -3.242878
99.671619 -3.224586
99.658400 -3.206293
99.645182 -3.188001
99.631964 -3.169708
99.618746 -3.151415
99.605529 -3.133122
99.592313 -3.114829
99.579097 -3.096536
99.565881 -3.078242
99.552666 -3.059948
99.539451 -3.041655
99.526237 -3.023361
99.513023 -3.005066
99.499810 -2.986772
99.486597 -2.968477
99.473384 -2.950183
99.460172 -2.931888
99.446960 -2.913593
99.433749 -2.895298
99.420538 -2.877002
99.407328 -2.858707
99.394118 -2.840411
99.380908 -2.822115
99.367699 -2.803819
99.354490 -2.785523
100.192357 -3.906370
100.179118 -3.888086
100.165880 -3.869801
100.152642 -3.851516
100.139405 -3.833230
100.126169 -3.814945
100.112933 -3.796659
100.099697 -3.778373
100.086463 -3.760087
100.073228 -3.741801
100.059995 -3.723515
100.046761 -3.705228
100.033529 -3.686941
100.020297 -3.668654
100.007065 -3.650367
99.993834 -3.632079
99.980604 -3.613791
99.967374 -3.595503
99.954144 -3.577215
99.940915 -3.558927
99.927687 -3.540638
99.914459 -3.522350
99.901232 -3.504061
99.888005 -3.485772
99.874778 -3.467482
99.861553 -3.449193
99.848327 -3.430903
99.835102 -3.412613
99.821878 -3.394323
99.808654 -3.376033
99.795431 -3.357743
99.782208 -3.339452
99.768986 -3.321161
99.755764 -3.302870
99.742542 -3.284579
99.729322 -3.266288
99.716101 -3.247996
99.702881 -3.229704
99.689662 -3.211412
99.676443 -3.193120
99.663224 -3.174828
99.650006 -3.156536
99.636789 -3.138243
99.623571 -3.119950
99.610355 -3.101657
99.597139 -3.083364
99.583923 -3.065071
99.570707 -3.046777
99.557493 -3.028484
99.544278 -3.010190
99.531064 -2.991896
99.517851 -2.973602
99.504637 -2.955307
99.491425 -2.937013
99.478212 -2.918718
99.465001 -2.900423
99.451789 -2.882129
99.438578 -2.863833
99.425368 -2.845538
99.412157 -2.827243
99.398948 -2.808947
99.385738 -2.790651
99.372529 -2.772355
100.210405 -3.893187
100.197167 -3.874903
100.183928 -3.856618
100.170690 -3.838333
100.157453 -3.820048
100.144217 -3.801763
100.130980 -3.783478
100.117745 -3.765192
100.104510 -3.746906
100.091275 -3.728620
100.078042 -3.710334
100.064808 -3.692048
100.051575 -3.673761
100.038343 -3.655474
100.025111 -3.637187
100.011880 -3.618900
99.998650 -3.600612
99.985419 -3.582325
99.972190 -3.564037
99.958961 -3.545749
99.945732 -3.527460
99.932504 -3.509172
99.919277 -3.490883
99.906050 -3.472594
99.892823 -3.454305
99.879597 -3.436016
99.866372 -3.417727
99.853147 -3.399437
99.839922 -3.381147
99.826698 -3.362857
99.813475 -3.344567
99.800252 -3.326277
99.787029 -3.307986
99.773807 -3.289695
99.760586 -3.271404
99.747365 -3.253113
99.734144 -3.234822
99.720924 -3.216530
99.707704 -3.198239
99.694485 -3.179947
99.681266 -3.161655
99.668048 -3.143363
99.654830 -3.125070
99.641613 -3.106778
99.628396 -3.088485
99.615180 -3.070192
99.601964 -3.051899
99.588749 -3.033606
99.575533 -3.015312
99.562319 -2.997019
99.549105 -2.978725
99.535891 -2.960431
99.522678 -2.942137
99.509465 -2.923843
99.496252 -2.905548
99.483040 -2.887254
99.469829 -2.868959
99.456618 -2.850664
99.443407 -2.832369
99.430197 -2.814074
99.416987 -2.795778
99.403777 -2.777483
99.390568 -2.759187
100.228453 -3.880004
100.215214 -3.861720
100.201976 -3.843435
100.188738 -3.825151
100.175501 -3.806866
100.162264 -3.788581
100.149027 -3.770296
100.135792 -3.752011
100.122557 -3.733725
100.109322 -3.715439
100.096088 -3.697153
100.082854 -3.678867
100.069622 -3.660581
100.056389 -3.642294
100.043157 -3.624007
100.029926 -3.605720
100.016695 -3.587433
100.003465 -3.569146
99.990235 -3.550858
99.977006 -3.532570
99.963777 -3.514282
99.950549 -3.495994
99.937321 -3.477706
99.924094 -3.459417
99.910867 -3.441128
99.897641 -3.422839
99.884416 -3.404550
99.871190 -3.386260
99.857966 -3.367971
99.844742 -3.349681
99.831518 -3.331391
99.818295 -3.313101
99.805072 -3.294811
99.791850 -3.276520
99.778628 -3.258229
99.765407 -3.239939
99.752186 -3.221647
99.738966 -3.203356
99.725746 -3.185065
99.712527 -3.166773
99.699308 -3.148481
99.686090 -3.130189
99.672872 -3.111897
99.659654 -3.093605
99.646437 -3.075312
99.633221 -3.057020
99.620005 -3.038727
99.606789 -3.020434
99.593574 -3.002141
99.580359 -2.983847
99.567145 -2.965554
99.553931 -2.947260
99.540718 -2.928966
99.527505 -2.910672
99.514292 -2.892378
99.501080 -2.874084
99.487868 -2.855789
99.474657 -2.837495
99.461446 -2.819200
99.448235 -2.800905
99.435025 -2.782610
99.421816 -2.764314
99.408606 -2.746019
100.246501 -3.866820
100.233262 -3.848536
100.220023 -3.830252
100.206785 -3.811968
100.193547 -3.793684
100.180310 -3.775399
100.167074 -3.757114
100.153838 -3.738829
100.140603 -3.720544
100.127368 -3.702258
100.114134 -3.683972
100.100900 -3.665686
100.087667 -3.647400
100.074435 -3.629114
100.061203 -3.610827
100.047971 -3.592540
100.034740 -3.574253
100.021510 -3.555966
100.008280 -3.537679
99.995050 -3.519391
99.981821 -3.501104
99.968593 -3.482816
99.955365 -3.464527
99.942138 -3.446239
99.928911 -3.427950
99.915685 -3.409662
99.902459 -3.391373
99.889234 -3.373084
99.876009 -3.354794
99.862785 -3.336505
99.849561 -3.318215
99.836338 -3.299925
99.823115 -3.281635
99.809892 -3.263345
99.796671 -3.245054
99.783449 -3.226764
99.770228 -3.208473
99.757008 -3.190182
99.743788 -3.171890
99.730569 -3.153599
99.717350 -3.135308
99.704131 -3.117016
99.690913 -3.098724
99.677695 -3.080432
99.664478 -3.062140
99.651261 -3.043847
99.638045 -3.025554
99.624829 -3.007262
99.611614 -2.988969
99.598399 -2.970676
99.585185 -2.952382
99.571971 -2.934089
99.558757 -2.915795
99.545544 -2.897501
99.532331 -2.879207
99.519119 -2.860913
99.505907 -2.842619
99.492695 -2.824325
99.479484 -2.806030
99.466274 -2.787735
99.453064 -2.769440
99.439854 -2.751145
99.426644 -2.732850
100.264548 -3.853636
100.251308 -3.835353
100.238070 -3.817069
100.224831 -3.798785
100.211594 -3.780501
100.198357 -3.762216
100.185120 -3.743931
100.171884 -3.725647
100.158649 -3.707362
100.145414 -3.689076
100.132179 -3.670791
100.118946 -3.652505
100.105712 -3.634219
100.092480 -3.615933
100.079247 -3.597647
100.066016 -3.579360
100.052785 -3.561074
100.039554 -3.542787
100.026324 -3.524499
100.013094 -3.506212
99.999865 -3.487925
99.986637 -3.469637
99.973409 -3.451349
99.960181 -3.433061
99.946954 -3.414772
99.933728 -3.396484
99.920502 -3.378195
99.907277 -3.359906
99.894052 -3.341617
99.880827 -3.323328
99.867603 -3.305038
99.854380 -3.286749
99.841157 -3.268459
99.827934 -3.250169
99.814712 -3.231879
99.801491 -3.213588
99.788270 -3.195298
99.775049 -3.177007
99.761829 -3.158716
99.748610 -3.140425
99.735390 -3.122133
99.722172 -3.103842
99.708953 -3.085550
99.695736 -3.067258
99.682518 -3.048966
99.669302 -3.030674
99.656085 -3.012382
99.642869 -2.994089
99.629654 -2.975796
99.616439 -2.957503
99.603224 -2.939210
99.590010 -2.920917
99.576796 -2.902624
99.563583 -2.884330
99.550370 -2.866036
99.537157 -2.847743
99.523945 -2.829449
99.510734 -2.811154
99.497522 -2.792860
99.484312 -2.774565
99.471101 -2.756271
99.457891 -2.737976
99.444682 -2.719681
100.282594 -3.840452
100.269355 -3.822168
100.256116 -3.803885
100.242877 -3.785601
100.229640 -3.767317
100.216402 -3.749033
100.203166 -3.730749
100.189929 -3.712464
100.176694 -3.694179
100.163459 -3.675894
100.150224 -3.657609
100.136990 -3.639324
100.123757 -3.621038
100.110524 -3.602752
100.097292 -3.584466
100.084060 -3.566180
100.070829 -3.547893
100.057598 -3.529607
100.044368 -3.511320
100.031138 -3.493033
100.017909 -3.474745
100.004680 -3.456458
99.991452 -3.438170
99.978224 -3.419882
99.964997 -3.401594
99.951771 -3.383306
99.938545 -3.365017
99.925319 -3.346729
99.912094 -3.328440
99.898869 -3.310151
99.885645 -3.291862
99.872422 -3.273572
99.859198 -3.255283
99.845976 -3.236993
99.832754 -3.218703
99.819532 -3.200413
99.806311 -3.182122
99.793090 -3.163832
99.779870 -3.145541
99.766650 -3.127250
99.753431 -3.108959
99.740212 -3.090668
99.726994 -3.072376
99.713776 -3.054085
99.700558 -3.035793
99.687341 -3.017501
99.674125 -2.999209
99.660908 -2.980916
99.647693 -2.962624
99.634478 -2.944331
99.621263 -2.926038
99.608048 -2.907745
99.594835 -2.889452
99.581621 -2.871159
99.568408 -2.852865
99.555195 -2.834572
99.541983 -2.816278
99.528771 -2.797984
99.515560 -2.779690
99.502349 -2.761395
99.489139 -2.743101
99.475928 -2.724806
99.462719 -2.706511
100.300640 -3.827267
100.287401 -3.808984
100.274161 -3.790701
100.260923 -3.772417
100.247685 -3.754134
100.234447 -3.735850
100.221211 -3.717566
100.207974 -3.699281
100.194739 -3.680997
100.181503 -3.662712
100.168269 -3.644427
100.155035 -3.626142
100.141801 -3.607856
100.128568 -3.589571
100.115336 -3.571285
100.102104 -3.552999
100.088872 -3.534713
100.075641 -3.516426
100.062411 -3.498140
100.049181 -3.479853
100.035952 -3.461566
100.022723 -3.443278
100.009495 -3.424991
99.996267 -3.406703
99.983040 -3.388416
99.969813 -3.370127
99.956587 -3.351839
99.943361 -3.333551
99.930136 -3.315262
99.916911 -3.296973
99.903687 -3.278684
99.890463 -3.260395
99.877240 -3.242106
99.864017 -3.223816
99.850794 -3.205526
99.837573 -3.187237
99.824351 -3.168946
99.811130 -3.150656
99.797910 -3.132366
99.784690 -3.114075
99.771471 -3.095784
99.758252 -3.077493
99.745033 -3.059202
99.731815 -3.040910
99.718597 -3.022619
99.705380 -3.004327
99.692164 -2.986035
99.678947 -2.967743
99.665731 -2.949451
99.652516 -2.931158
99.639301 -2.912866
99.626087 -2.894573
99.612873 -2.876280
99.599659 -2.857987
99.586446 -2.839694
99.573233 -2.821400
99.560021 -2.803107
99.546809 -2.784813
99.533597 -2.766519
99.520386 -2.748225
99.507175 -2.729930
99.493965 -2.711636
99.480755 -2.693341
100.318686 -3.814082
100.305446 -3.795799
100.292207 -3.777516
100.278968 -3.759233
100.265730 -3.740950
100.252492 -3.722666
100.239255 -3.704382
100.226019 -3.686098
100.212783 -3.667814
100.199547 -3.649529
100.186313 -3.631244
100.173078 -3.612960
100.159845 -3.594674
100.146611 -3.576389
100.133379 -3.558103
100.120147 -3.539818
100.106915 -3.521532
100.093684 -3.503246
100.080454 -3.484959
100.067224 -3.466673
100.053994 -3.448386
100.040765 -3.430099
100.027537 -3.411812
100.014309 -3.393524
100.001081 -3.375237
99.987855 -3.356949
99.974628 -3.338661
99.961402 -3.320373
99.948177 -3.302084
99.934952 -3.283796
99.921728 -3.265507
99.908504 -3.247218
99.895280 -3.228929
99.882057 -3.210639
99.868835 -3.192350
99.855613 -3.174060
99.842391 -3.155770
99.829170 -3.137480
99.815950 -3.119190
99.802730 -3.100900
99.789510 -3.082609
99.776291 -3.064318
99.763072 -3.046027
99.749854 -3.027736
99.736636 -3.009445
99.723419 -2.991153
99.710202 -2.972861
99.696986 -2.954570
99.683770 -2.936277
99.670554 -2.917985
99.657339 -2.899693
99.644124 -2.881400
99.630910 -2.863108
99.617696 -2.844815
99.604483 -2.826522
99.591270 -2.808228
99.578058 -2.789935
99.564846 -2.771641
99.551634 -2.753348
99.538423 -2.735054
99.525212 -2.716760
99.512001 -2.698466
99.498791 -2.680171
100.336730 -3.800897
100.323491 -3.782614
100.310251 -3.764332
100.297012 -3.746049
100.283774 -3.727765
100.270536 -3.709482
100.257299 -3.691198
100.244063 -3.672915
100.230826 -3.654630
100.217591 -3.636346
100.204356 -3.618062
100.191122 -3.599777
100.177888 -3.581492
100.164654 -3.563207
100.151422 -3.544922
100.138189 -3.526636
100.124958 -3.508350
100.111727 -3.490065
100.098496 -3.471778
100.085266 -3.453492
100.072036 -3.435205
100.058807 -3.416919
100.045578 -3.398632
100.032350 -3.380345
100.019123 -3.362057
100.005896 -3.343770
99.992669 -3.325482
99.979443 -3.307194
99.966218 -3.288906
99.952993 -3.270618
99.939768 -3.252329
99.926544 -3.234040
99.913320 -3.215751
99.900097 -3.197462
99.886875 -3.179173
99.873653 -3.160884
99.860431 -3.142594
99.847210 -3.124304
99.833989 -3.106014
99.820769 -3.087724
99.807549 -3.069433
99.794330 -3.051143
99.781111 -3.032852
99.767893 -3.014561
99.754675 -2.996270
99.741457 -2.977979
99.728240 -2.959687
99.715024 -2.941396
99.701808 -2.923104
99.688592 -2.904812
99.675377 -2.886520
99.662162 -2.868227
99.648947 -2.849935
99.635734 -2.831642
99.622520 -2.813349
99.609307 -2.795056
99.596094 -2.776763
99.582882 -2.758470
99.569670 -2.740176
99.556459 -2.721883
99.543248 -2.703589
99.530037 -2.685295
99.516827 -2.667001
100.354775 -3.787711
100.341535 -3.769429
100.328295 -3.751146
100.315056 -3.732864
100.301818 -3.714581
100.288580 -3.696298
100.275343 -3.678014
100.262106 -3.659731
100.248870 -3.641447
100.235634 -3.623163
100.222399 -3.604879
100.209164 -3.586594
100.195930 -3.568310
100.182697 -3.550025
100.169464 -3.531740
100.156232 -3.513454
100.143000 -3.495169
100.129768 -3.476883
100.116538 -3.458597
100.103307 -3.440311
100.090078 -3.422025
100.076848 -3.403738
100.063620 -3.385452
100.050391 -3.367165
100.037164 -3.348878
100.023937 -3.330590
100.010710 -3.312303
99.997484 -3.294015
99.984258 -3.275727
99.971033 -3.257439
99.957808 -3.239151
99.944584 -3.220862
99.931360 -3.202574
99.918137 -3.184285
99.904914 -3.165996
99.891692 -3.147707
99.878470 -3.129417
99.865249 -3.111128
99.852028 -3.092838
99.838808 -3.074548
99.825588 -3.056258
99.812368 -3.037967
99.799149 -3.019677
99.785931 -3.001386
99.772713 -2.983095
99.759495 -2.964804
99.746278 -2.946513
99.733061 -2.928221
99.719845 -2.909930
99.706629 -2.891638
99.693414 -2.873346
99.680199 -2.855054
99.666984 -2.836762
99.653770 -2.818469
99.640557 -2.800177
99.627343 -2.781884
99.614130 -2.763591
99.600918 -2.745298
99.587706 -2.727005
99.574495 -2.708711
99.561283 -2.690418
99.548073 -2.672124
99.534862 -2.653830
100.372819 -3.774525
100.359579 -3.756243
100.346339 -3.737961
100.333100 -3.719678
100.319861 -3.701396
100.306623 -3.683113
100.293386 -3.664830
100.280149 -3.646546
100.266912 -3.628263
100.253677 -3.609979
100.240441 -3.591695
100.227207 -3.573411
100.213973 -3.555127
100.200739 -3.536842
100.187506 -3.518557
100.174273 -3.500272
100.161041 -3.481987
100.147810 -3.463702
100.134579 -3.445416
100.121349 -3.427130
100.108119 -3.408844
100.094889 -3.390558
100.081660 -3.372271
100.068432 -3.353985
100.055204 -3.335698
100.041977 -3.317411
100.028750 -3.299123
100.015524 -3.280836
100.002298 -3.262548
99.989072 -3.244260
99.975848 -3.225972
99.962623 -3.207684
99.949399 -3.189396
99.936176 -3.171107
99.922953 -3.152818
99.909731 -3.134529
99.896509 -3.116240
99.883287 -3.097951
99.870066 -3.079661
99.856846 -3.061371
99.843626 -3.043081
99.830406 -3.024791
99.817187 -3.006501
99.803968 -2.988211
99.790750 -2.969920
99.777532 -2.951629
99.764315 -2.933338
99.751098 -2.915047
99.737882 -2.896756
99.724666 -2.878464
99.711450 -2.860172
99.698235 -2.841880
99.685021 -2.823588
99.671806 -2.805296
99.658593 -2.787004
99.645379 -2.768711
99.632166 -2.750419
99.618954 -2.732126
99.605742 -2.713833
99.592530 -2.695539
99.579319 -2.677246
99.566108 -2.658952
99.552897 -2.640659
100.390862 -3.761339
100.377622 -3.743057
100.364382 -3.724775
100.351143 -3.706493
100.337904 -3.688211
100.324666 -3.669928
100.311428 -3.651645
100.298191 -3.633362
100.284955 -3.615079
100.271719 -3.596795
100.258483 -3.578511
100.245249 -3.560228
100.232014 -3.541943
100.218781 -3.523659
100.205547 -3.505374
100.192315 -3.487090
100.179082 -3.468805
100.165851 -3.450520
100.152620 -3.432234
100.139389 -3.413949
100.126159 -3.395663
100.112930 -3.377377
100.099701 -3.359090
100.086472 -3.340804
100.073244 -3.322517
100.060017 -3.304231
100.046790 -3.285944
100.033563 -3.267656
100.020337 -3.249369
100.007112 -3.231081
99.993887 -3.212794
99.980662 -3.194506
99.967438 -3.176217
99.954215 -3.157929
99.940992 -3.139640
99.927769 -3.121352
99.914547 -3.103063
99.901325 -3.084774
99.888104 -3.066484
99.874884 -3.048195
99.861663 -3.029905
99.848444 -3.011615
99.835224 -2.993325
99.822006 -2.975035
99.808787 -2.956744
99.795569 -2.938454
99.782352 -2.920163
99.769135 -2.901872
99.755918 -2.883581
99.742702 -2.865290
99.729487 -2.846998
99.716271 -2.828707
99.703056 -2.810415
99.689842 -2.792123
99.676628 -2.773831
99.663415 -2.755538
99.650202 -2.737246
99.636989 -2.718953
99.623777 -2.700660
99.610565 -2.682367
99.597353 -2.664074
99.584142 -2.645781
99.570932 -2.627487
100.408905 -3.748152
100.395664 -3.729871
100.382424 -3.711589
100.369185 -3.693307
100.355946 -3.675025
100.342708 -3.656743
100.329470 -3.638460
100.316233 -3.620177
100.302996 -3.601894
100.289760 -3.583611
100.276525 -3.565327
100.263290 -3.547044
100.250055 -3.528760
100.236822 -3.510476
100.223588 -3.492191
100.210355 -3.473907
100.197123 -3.455622
100.183891 -3.437337
100.170660 -3.419052
100.157429 -3.400767
100.144199 -3.382481
100.130970 -3.364195
100.117740 -3.345909
100.104512 -3.327623
100.091284 -3.309337
100.078056 -3.291050
100.064829 -3.272763
100.051602 -3.254477
100.038376 -3.236189
100.025150 -3.217902
100.011925 -3.199614
99.998701 -3.181327
99.985477 -3.163039
99.972253 -3.144751
99.959030 -3.126462
99.945807 -3.108174
99.932585 -3.089885
99.919363 -3.071596
99.906142 -3.053307
99.892921 -3.035018
99.879701 -3.016728
99.866481 -2.998439
99.853261 -2.980149
99.840042 -2.961859
99.826824 -2.943569
99.813606 -2.925278
99.800388 -2.906988
99.787171 -2.888697
99.773954 -2.870406
99.760738 -2.852115
99.747522 -2.833824
99.734307 -2.815532
99.721092 -2.797241
99.707877 -2.778949
99.694663 -2.760657
99.681450 -2.742365
99.668236 -2.724073
99.655024 -2.705780
99.641811 -2.687488
99.628599 -2.669195
99.615388 -2.650902
99.602176 -2.632609
99.588966 -2.614315
100.426947 -3.734965
100.413707 -3.716684
100.400467 -3.698403
100.387227 -3.680121
100.373988 -3.661839
100.360750 -3.643557
100.347512 -3.625275
100.334274 -3.606992
100.321038 -3.588709
100.307801 -3.570426
100.294566 -3.552143
100.281331 -3.533860
100.268096 -3.515576
100.254862 -3.497292
100.241629 -3.479008
100.228396 -3.460724
100.215163 -3.442439
100.201931 -3.424155
100.188700 -3.405870
100.175469 -3.387585
100.162239 -3.369299
100.149009 -3.351014
100.135780 -3.332728
100.122551 -3.314442
100.109323 -3.296156
100.096095 -3.277870
100.082868 -3.259583
100.069641 -3.241296
100.056415 -3.223009
100.043189 -3.204722
100.029963 -3.186435
100.016739 -3.168147
100.003514 -3.149860
99.990291 -3.131572
99.977067 -3.113284
99.963844 -3.094995
99.950622 -3.076707
99.937400 -3.058418
99.924179 -3.040129
99.910958 -3.021840
99.897737 -3.003551
99.884517 -2.985262
99.871298 -2.966972
99.858079 -2.948682
99.844860 -2.930392
99.831642 -2.912102
99.818424 -2.893812
99.805207 -2.875521
99.791990 -2.857231
99.778774 -2.838940
99.765558 -2.820649
99.752342 -2.802358
99.739127 -2.784066
99.725912 -2.765775
99.712698 -2.747483
99.699484 -2.729191
99.686271 -2.710899
99.673058 -2.692607
99.659845 -2.674315
99.646633 -2.656022
99.633422 -2.637729
99.620210 -2.619436
99.606999 -2.601143
100.444989 -3.721778
100.431748 -3.703497
100.418508 -3.685216
100.405269 -3.666934
100.392029 -3.648653
100.378791 -3.630371
100.365553 -3.612089
100.352315 -3.593807
100.339078 -3.575524
100.325842 -3.557241
100.312606 -3.538958
100.299371 -3.520675
100.286136 -3.502392
100.272902 -3.484108
100.259669 -3.465824
100.246435 -3.447540
100.233203 -3.429256
100.219971 -3.410972
100.206739 -3.392687
100.193508 -3.374402
100.180278 -3.356117
100.167048 -3.337832
100.153818 -3.319546
100.140590 -3.301261
100.127361 -3.282975
100.114133 -3.264689
100.100906 -3.246402
100.087679 -3.228116
100.074453 -3.209829
100.061227 -3.191542
100.048001 -3.173255
100.034776 -3.154968
100.021552 -3.136680
100.008328 -3.118393
99.995104 -3.100105
99.981881 -3.081817
99.968659 -3.063529
99.955437 -3.045240
99.942215 -3.026952
99.928994 -3.008663
99.915774 -2.990374
99.902553 -2.972085
99.889334 -2.953795
99.876115 -2.935506
99.862896 -2.917216
99.849677 -2.898926
99.836460 -2.880636
99.823242 -2.862346
99.810025 -2.844055
99.796809 -2.825765
99.783592 -2.807474
99.770377 -2.789183
99.757162 -2.770892
99.743947 -2.752600
99.730732 -2.734309
99.717518 -2.716017
99.704305 -2.697725
99.691092 -2.679433
99.677879 -2.661141
99.664667 -2.642849
99.651455 -2.624556
99.638244 -2.606264
99.625033 -2.587971
100.463031 -3.708590
100.449790 -3.690310
100.436549 -3.672029
100.423309 -3.653748
100.410070 -3.635466
100.396832 -3.617185
100.383593 -3.598903
100.370356 -3.580621
100.357119 -3.562339
100.343882 -3.544056
100.330646 -3.525773
100.317411 -3.507490
100.304176 -3.489207
100.290942 -3.470924
100.277708 -3.452640
100.264475 -3.434357
100.251242 -3.416073
100.238010 -3.397788
100.224778 -3.379504
100.211547 -3.361219
100.198317 -3.342935
100.185086 -3.324649
100.171857 -3.306364
100.158628 -3.288079
100.145399 -3.269793
100.132171 -3.251507
100.118944 -3.233221
100.105717 -3.214935
100.092490 -3.196649
100.079264 -3.178362
100.066038 -3.160075
100.052813 -3.141788
100.039589 -3.123501
100.026365 -3.105213
100.013141 -3.086926
99.999918 -3.068638
99.986695 -3.050350
99.973473 -3.032062
99.960251 -3.013773
99.947030 -2.995485
99.933809 -2.977196
99.920589 -2.958907
99.907369 -2.940618
99.894150 -2.922329
99.880931 -2.904039
99.867713 -2.885749
99.854495 -2.867460
99.841277 -2.849170
99.828060 -2.830879
99.814843 -2.812589
99.801627 -2.794298
99.788411 -2.776008
99.775196 -2.757717
99.761981 -2.739426
99.748766 -2.721134
99.735552 -2.702843
99.722339 -2.684551
99.709125 -2.666260
99.695912 -2.647968
99.682700 -2.629676
99.669488 -2.611383
99.656276 -2.593091
99.643065 -2.574798
