99.883655 -4.089818
99.857185 -4.053240
99.830717 -4.016661
99.804252 -3.980081
99.777788 -3.943500
99.751327 -3.906919
99.724869 -3.870337
99.698412 -3.833753
99.671957 -3.797170
99.645505 -3.760585
99.619054 -3.724000
99.592606 -3.687414
99.566160 -3.650827
99.539715 -3.614239
99.513273 -3.577651
99.486833 -3.541062
99.460395 -3.504473
99.433958 -3.467882
99.407524 -3.431291
99.381091 -3.394700
99.354660 -3.358107
99.328232 -3.321514
99.301805 -3.284921
99.275379 -3.248326
99.248956 -3.211731
99.222534 -3.175136
99.196114 -3.138540
99.169696 -3.101943
99.143279 -3.065346
99.116865 -3.028748
99.090451 -2.992149
99.919768 -4.063464
99.893297 -4.026887
99.866829 -3.990308
99.840363 -3.953730
99.813899 -3.917150
99.787437 -3.880569
99.760977 -3.843988
99.734520 -3.807406
99.708065 -3.770823
99.681611 -3.734240
99.655160 -3.697655
99.628711 -3.661070
99.602264 -3.624485
99.575819 -3.587898
99.549376 -3.551311
99.522935 -3.514723
99.496496 -3.478134
99.470059 -3.441545
99.443624 -3.404955
99.417191 -3.368364
99.390759 -3.331772
99.364330 -3.295180
99.337902 -3.258588
99.311476 -3.221994
99.285052 -3.185400
99.258630 -3.148806
99.232209 -3.112210
99.205790 -3.075615
99.179373 -3.039018
99.152957 -3.002421
99.126543 -2.965823
99.955879 -4.037108
99.929407 -4.000532
99.902938 -3.963955
99.876471 -3.927377
99.850007 -3.890798
99.823544 -3.854219
99.797084 -3.817638
99.770626 -3.781057
99.744170 -3.744475
99.717716 -3.707893
99.691264 -3.671310
99.664815 -3.634725
99.638367 -3.598141
99.611921 -3.561555
99.585478 -3.524969
99.559036 -3.488382
99.532596 -3.451794
99.506158 -3.415206
99.479722 -3.378616
99.453288 -3.342027
99.426856 -3.305436
99.400426 -3.268845
99.373998 -3.232253
99.347571 -3.195661
99.321146 -3.159068
99.294723 -3.122474
99.268302 -3.085880
99.241882 -3.049285
99.215464 -3.012689
99.189048 -2.976093
99.162633 -2.939496
99.991987 -4.010751
99.965515 -3.974175
99.939046 -3.937599
99.912578 -3.901022
99.886113 -3.864445
99.859650 -3.827866
99.833189 -3.791287
99.806730 -3.754707
99.780273 -3.718126
99.753819 -3.681545
99.727366 -3.644962
99.700916 -3.608379
99.674467 -3.571795
99.648021 -3.535211
99.621577 -3.498625
99.595134 -3.462039
99.568694 -3.425453
99.542255 -3.388865
99.515819 -3.352277
99.489384 -3.315688
99.462951 -3.279099
99.436520 -3.242508
99.410091 -3.205917
99.383664 -3.169326
99.357238 -3.132734
99.330814 -3.096141
99.304392 -3.059547
99.277972 -3.022953
99.251553 -2.986359
99.225136 -2.949763
99.198721 -2.913167
100.028094 -3.984392
100.001621 -3.947818
99.975151 -3.911243
99.948683 -3.874667
99.922217 -3.838090
99.895753 -3.801513
99.869291 -3.764934
99.842832 -3.728355
99.816374 -3.691776
99.789919 -3.655195
99.763466 -3.618614
99.737015 -3.582032
99.710566 -3.545449
99.684119 -3.508865
99.657674 -3.472281
99.631231 -3.435696
99.604790 -3.399110
99.578350 -3.362523
99.551913 -3.325936
99.525478 -3.289348
99.499044 -3.252759
99.472613 -3.216170
99.446183 -3.179580
99.419755 -3.142990
99.393329 -3.106398
99.366904 -3.069806
99.340481 -3.033214
99.314060 -2.996621
99.287641 -2.960027
99.261223 -2.923432
99.234807 -2.886837
100.064198 -3.958032
100.037725 -3.921459
100.011254 -3.884885
99.984785 -3.848310
99.958318 -3.811734
99.931854 -3.775158
99.905392 -3.738580
99.878932 -3.702002
99.852474 -3.665424
99.826018 -3.628844
99.799564 -3.592264
99.773112 -3.555682
99.746662 -3.519101
99.720215 -3.482518
99.693769 -3.445934
99.667325 -3.409350
99.640883 -3.372765
99.614444 -3.336180
99.588006 -3.299594
99.561570 -3.263007
99.535135 -3.226419
99.508703 -3.189831
99.482273 -3.153242
99.455844 -3.116652
99.429417 -3.080062
99.402992 -3.043470
99.376568 -3.006879
99.350147 -2.970287
99.323727 -2.933694
99.297308 -2.897100
99.270892 -2.860506
100.100301 -3.931670
100.073827 -3.895098
100.047355 -3.858525
100.020885 -3.821951
99.994418 -3.785377
99.967953 -3.748801
99.941490 -3.712225
99.915029 -3.675648
99.888571 -3.639070
99.862114 -3.602492
99.835660 -3.565912
99.809207 -3.529332
99.782757 -3.492751
99.756308 -3.456169
99.729862 -3.419587
99.703418 -3.383004
99.676975 -3.346420
99.650535 -3.309835
99.624096 -3.273250
99.597659 -3.236664
99.571225 -3.200077
99.544792 -3.163490
99.518360 -3.126902
99.491931 -3.090313
99.465504 -3.053723
99.439078 -3.017133
99.412654 -2.980542
99.386231 -2.943951
99.359811 -2.907359
99.333392 -2.870766
99.306974 -2.834173
100.136401 -3.905307
100.109926 -3.868736
100.083454 -3.832164
100.056984 -3.795592
100.030516 -3.759018
100.004050 -3.722444
99.977586 -3.685868
99.951125 -3.649292
99.924666 -3.612715
99.898209 -3.576138
99.871753 -3.539559
99.845300 -3.502980
99.818849 -3.466400
99.792400 -3.429820
99.765953 -3.393238
99.739508 -3.356656
99.713065 -3.320073
99.686624 -3.283489
99.660185 -3.246905
99.633747 -3.210320
99.607312 -3.173734
99.580878 -3.137147
99.554446 -3.100560
99.528016 -3.063972
99.501588 -3.027384
99.475162 -2.990795
99.448737 -2.954205
99.422314 -2.917614
99.395893 -2.881023
99.369473 -2.844431
99.343055 -2.807839
100.172499 -3.878943
100.146024 -3.842373
100.119551 -3.805802
100.093080 -3.769230
100.066611 -3.732658
100.040145 -3.696084
100.013681 -3.659510
99.987219 -3.622935
99.960759 -3.586359
99.934301 -3.549783
99.907845 -3.513205
99.881391 -3.476627
99.854940 -3.440048
99.828490 -3.403468
99.802043 -3.366888
99.775597 -3.330306
99.749153 -3.293724
99.722711 -3.257142
99.696271 -3.220558
99.669833 -3.183974
99.643397 -3.147389
99.616963 -3.110804
99.590531 -3.074217
99.564100 -3.037630
99.537671 -3.001043
99.511244 -2.964455
99.484818 -2.927866
99.458395 -2.891276
99.431973 -2.854686
99.405553 -2.818095
99.379134 -2.781503
100.208595 -3.852578
100.182119 -3.816009
100.155646 -3.779439
100.129174 -3.742868
100.102705 -3.706296
100.076238 -3.669724
100.049773 -3.633151
100.023310 -3.596577
99.996850 -3.560002
99.970391 -3.523426
99.943935 -3.486850
99.917481 -3.450272
99.891028 -3.413694
99.864578 -3.377116
99.838130 -3.340536
99.811684 -3.303956
99.785239 -3.267375
99.758797 -3.230793
99.732356 -3.194210
99.705918 -3.157627
99.679481 -3.121043
99.653046 -3.084459
99.626613 -3.047873
99.600182 -3.011287
99.573752 -2.974701
99.547324 -2.938113
99.520898 -2.901525
99.494474 -2.864936
99.468051 -2.828347
99.441630 -2.791757
99.415211 -2.755167
100.244689 -3.826211
100.218212 -3.789643
100.191738 -3.753074
100.165266 -3.716504
100.138796 -3.679934
100.112329 -3.643362
100.085863 -3.606790
100.059400 -3.570217
100.032939 -3.533643
100.006480 -3.497068
99.980023 -3.460493
99.953568 -3.423917
99.927115 -3.387340
99.900664 -3.350762
99.874215 -3.314183
99.847768 -3.277604
99.821323 -3.241024
99.794880 -3.204443
99.768439 -3.167861
99.742000 -3.131279
99.715563 -3.094696
99.689127 -3.058112
99.662693 -3.021528
99.636261 -2.984943
99.609831 -2.948357
99.583403 -2.911771
99.556976 -2.875183
99.530551 -2.838596
99.504128 -2.802007
99.477706 -2.765418
99.451286 -2.728828
100.280781 -3.799842
100.254304 -3.763275
100.227829 -3.726708
100.201356 -3.690139
100.174886 -3.653569
100.148418 -3.616999
100.121952 -3.580428
100.095488 -3.543856
100.069026 -3.507283
100.042566 -3.470709
100.016109 -3.434135
99.989653 -3.397559
99.963200 -3.360983
99.936748 -3.324407
99.910299 -3.287829
99.883851 -3.251251
99.857406 -3.214671
99.830962 -3.178091
99.804520 -3.141511
99.778080 -3.104930
99.751642 -3.068347
99.725206 -3.031765
99.698772 -2.995181
99.672339 -2.958597
99.645909 -2.922012
99.619480 -2.885426
99.593052 -2.848840
99.566627 -2.812253
99.540203 -2.775666
99.513781 -2.739078
99.487360 -2.702489
100.316871 -3.773473
100.290393 -3.736907
100.263918 -3.700340
100.237444 -3.663773
100.210973 -3.627204
100.184505 -3.590635
100.158038 -3.554064
100.131574 -3.517493
100.105111 -3.480921
100.078651 -3.444349
100.052193 -3.407775
100.025737 -3.371201
99.999282 -3.334626
99.972830 -3.298050
99.946380 -3.261473
99.919932 -3.224896
99.893486 -3.188318
99.867042 -3.151739
99.840599 -3.115159
99.814159 -3.078579
99.787720 -3.041997
99.761284 -3.005416
99.734849 -2.968833
99.708416 -2.932250
99.681984 -2.895666
99.655555 -2.859081
99.629127 -2.822496
99.602701 -2.785910
99.576276 -2.749323
99.549853 -2.712736
99.523432 -2.676148
100.352959 -3.747102
100.326480 -3.710537
100.300004 -3.673971
100.273531 -3.637405
100.247059 -3.600837
100.220590 -3.564269
100.194122 -3.527700
100.167657 -3.491130
100.141194 -3.454559
100.114733 -3.417987
100.088275 -3.381414
100.061818 -3.344841
100.035363 -3.308267
100.008911 -3.271692
99.982460 -3.235116
99.956011 -3.198540
99.929565 -3.161963
99.903120 -3.125385
99.876677 -3.088806
99.850236 -3.052226
99.823797 -3.015646
99.797359 -2.979065
99.770924 -2.942484
99.744490 -2.905901
99.718058 -2.869318
99.691628 -2.832734
99.665199 -2.796150
99.638773 -2.759565
99.612348 -2.722979
99.585924 -2.686393
99.559502 -2.649806
100.389044 -3.720730
100.362566 -3.684166
100.336089 -3.647601
100.309615 -3.611036
100.283143 -3.574469
100.256673 -3.537902
100.230205 -3.501334
100.203739 -3.464765
100.177276 -3.428195
100.150814 -3.391624
100.124355 -3.355052
100.097898 -3.318480
100.071442 -3.281907
100.044989 -3.245333
100.018538 -3.208758
99.992089 -3.172183
99.965641 -3.135606
99.939196 -3.099029
99.912752 -3.062452
99.886311 -3.025873
99.859871 -2.989294
99.833433 -2.952714
99.806997 -2.916133
99.780563 -2.879552
99.754130 -2.842969
99.727699 -2.806387
99.701270 -2.769803
99.674843 -2.733219
99.648417 -2.696634
99.621993 -2.660048
99.595571 -2.623462
100.425128 -3.694357
100.398649 -3.657794
100.372172 -3.621230
100.345697 -3.584665
100.319224 -3.548100
100.292754 -3.511533
100.266285 -3.474966
100.239819 -3.438398
100.213355 -3.401829
100.186893 -3.365260
100.160433 -3.328689
100.133975 -3.292118
100.107519 -3.255545
100.081066 -3.218972
100.054614 -3.182399
100.028164 -3.145824
100.001716 -3.109249
99.975270 -3.072673
99.948826 -3.036096
99.922384 -2.999518
99.895944 -2.962940
99.869505 -2.926361
99.843068 -2.889781
99.816634 -2.853200
99.790200 -2.816619
99.763769 -2.780037
99.737340 -2.743455
99.710912 -2.706871
99.684485 -2.670287
99.658061 -2.633703
99.631638 -2.597117
100.461210 -3.667982
100.434730 -3.631420
100.408253 -3.594857
100.381777 -3.558294
100.355304 -3.521729
100.328833 -3.485164
100.302364 -3.448598
100.275897 -3.412031
100.249433 -3.375463
100.222970 -3.338894
100.196510 -3.302324
100.170051 -3.265754
100.143595 -3.229183
100.117140 -3.192611
100.090688 -3.156038
100.064238 -3.119464
100.037789 -3.082890
100.011343 -3.046315
99.984898 -3.009739
99.958455 -2.973162
99.932014 -2.936585
99.905575 -2.900007
99.879138 -2.863428
99.852703 -2.826848
99.826269 -2.790268
99.799837 -2.753687
99.773407 -2.717105
99.746979 -2.680523
99.720552 -2.643940
99.694127 -2.607356
99.667703 -2.570771
