99.916631 -4.104881
99.906042 -4.090250
99.895453 -4.075619
99.884865 -4.060988
99.874277 -4.046357
99.863689 -4.031725
99.853102 -4.017094
99.842515 -4.002462
99.831929 -3.987830
99.821343 -3.973199
99.810757 -3.958567
99.800172 -3.943934
99.789587 -3.929302
99.779002 -3.914670
99.768417 -3.900037
99.757833 -3.885405
99.747250 -3.870772
99.736667 -3.856139
99.726084 -3.841506
99.715501 -3.826873
99.704919 -3.812240
99.694337 -3.797606
99.683755 -3.782973
99.673174 -3.768339
99.662593 -3.753706
99.652012 -3.739072
99.641432 -3.724438
99.630852 -3.709804
99.620272 -3.695169
99.609693 -3.680535
99.599114 -3.665901
99.588536 -3.651266
99.577957 -3.636631
99.567379 -3.621997
99.556802 -3.607362
99.546224 -3.592727
99.535647 -3.578092
99.525071 -3.563456
99.514494 -3.548821
99.503918 -3.534186
99.493342 -3.519550
99.482767 -3.504914
99.472192 -3.490278
99.461617 -3.475643
99.451042 -3.461007
99.440468 -3.446370
99.429894 -3.431734
99.419321 -3.417098
99.408747 -3.402461
99.398174 -3.387825
99.387602 -3.373188
99.377029 -3.358551
99.366457 -3.343914
99.355885 -3.329277
99.345314 -3.314640
99.334743 -3.300003
99.324172 -3.285366
99.313601 -3.270728
99.303031 -3.256091
99.292461 -3.241453
99.281891 -3.226815
99.271321 -3.212178
99.260752 -3.197540
99.250183 -3.182902
99.239615 -3.168264
99.229046 -3.153625
99.218478 -3.138987
99.207910 -3.124349
99.197343 -3.109710
99.186776 -3.095071
99.176209 -3.080433
99.165642 -3.065794
99.155075 -3.051155
99.144509 -3.036516
99.133943 -3.021877
99.123378 -3.007238
99.112812 -2.992598
99.102247 -2.977959
99.931076 -4.094338
99.920487 -4.079708
99.909898 -4.065077
99.899310 -4.050446
99.888722 -4.035815
99.878134 -4.021184
99.867547 -4.006553
99.856960 -3.991921
99.846373 -3.977290
99.835787 -3.962658
99.825201 -3.948026
99.814616 -3.933394
99.804031 -3.918762
99.793446 -3.904130
99.782861 -3.889497
99.772277 -3.874865
99.761693 -3.860232
99.751110 -3.845600
99.740527 -3.830967
99.729944 -3.816334
99.719362 -3.801701
99.708780 -3.787068
99.698198 -3.772434
99.687617 -3.757801
99.677036 -3.743167
99.666455 -3.728534
99.655874 -3.713900
99.645294 -3.699266
99.634715 -3.684632
99.624135 -3.669998
99.613556 -3.655363
99.602977 -3.640729
99.592399 -3.626094
99.581821 -3.611460
99.571243 -3.596825
99.560666 -3.582190
99.550089 -3.567555
99.539512 -3.552920
99.528935 -3.538285
99.518359 -3.523650
99.507783 -3.509014
99.497208 -3.494379
99.486632 -3.479743
99.476057 -3.465107
99.465483 -3.450471
99.454909 -3.435835
99.444335 -3.421199
99.433761 -3.406563
99.423187 -3.391927
99.412614 -3.377290
99.402041 -3.362654
99.391469 -3.348017
99.380897 -3.333380
99.370325 -3.318744
99.359753 -3.304107
99.349182 -3.289470
99.338611 -3.274832
99.328040 -3.260195
99.317470 -3.245558
99.306899 -3.230920
99.296329 -3.216283
99.285760 -3.201645
99.275191 -3.187007
99.264622 -3.172369
99.254053 -3.157731
99.243484 -3.143093
99.232916 -3.128455
99.222348 -3.113817
99.211780 -3.099178
99.201213 -3.084540
99.190646 -3.069901
99.180079 -3.055263
99.169513 -3.040624
99.158946 -3.025985
99.148380 -3.011346
99.137814 -2.996707
99.127249 -2.982068
99.116684 -2.967429
99.945521 -4.083796
99.934932 -4.069166
99.924343 -4.054535
99.913754 -4.039904
99.903166 -4.025273
99.892579 -4.010642
99.881991 -3.996011
99.871404 -3.981380
99.860817 -3.966749
99.850231 -3.952117
99.839645 -3.937485
99.829059 -3.922854
99.818474 -3.908222
99.807889 -3.893590
99.797305 -3.878957
99.786720 -3.864325
99.776137 -3.849693
99.765553 -3.835060
99.754970 -3.820427
99.744387 -3.805795
99.733804 -3.791162
99.723222 -3.776529
99.712640 -3.761896
99.702059 -3.747262
99.691478 -3.732629
99.680897 -3.717995
99.670316 -3.703362
99.659736 -3.688728
99.649156 -3.674094
99.638577 -3.659460
99.627998 -3.644826
99.617419 -3.630192
99.606840 -3.615557
99.596262 -3.600923
99.585684 -3.586288
99.575107 -3.571653
99.564530 -3.557019
99.553953 -3.542384
99.543376 -3.527749
99.532800 -3.513113
99.522224 -3.498478
99.511648 -3.483843
99.501073 -3.469207
99.490498 -3.454572
99.479923 -3.439936
99.469348 -3.425300
99.458774 -3.410664
99.448201 -3.396028
99.437627 -3.381392
99.427054 -3.366756
99.416481 -3.352119
99.405908 -3.337483
99.395336 -3.322846
99.384764 -3.308209
99.374192 -3.293573
99.363621 -3.278936
99.353049 -3.264299
99.342479 -3.249662
99.331908 -3.235024
99.321338 -3.220387
99.310768 -3.205750
99.300198 -3.191112
99.289629 -3.176474
99.279059 -3.161837
99.268491 -3.147199
99.257922 -3.132561
99.247354 -3.117923
99.236786 -3.103285
99.226218 -3.088647
99.215650 -3.074008
99.205083 -3.059370
99.194516 -3.044731
99.183949 -3.030093
99.173383 -3.015454
99.162817 -3.000815
99.152251 -2.986176
99.141685 -2.971537
99.131120 -2.956898
99.959966 -4.073254
99.949376 -4.058623
99.938787 -4.043993
99.928199 -4.029362
99.917611 -4.014731
99.907023 -4.000101
99.896435 -3.985470
99.885848 -3.970839
99.875261 -3.956207
99.864675 -3.941576
99.854089 -3.926944
99.843503 -3.912313
99.832918 -3.897681
99.822332 -3.883049
99.811748 -3.868417
99.801163 -3.853785
99.790579 -3.839153
99.779996 -3.824520
99.769412 -3.809888
99.758830 -3.795255
99.748247 -3.780622
99.737665 -3.765990
99.727083 -3.751357
99.716501 -3.736723
99.705920 -3.722090
99.695339 -3.707457
99.684758 -3.692823
99.674178 -3.678190
99.663598 -3.663556
99.653018 -3.648922
99.642439 -3.634288
99.631860 -3.619654
99.621282 -3.605020
99.610703 -3.590385
99.600125 -3.575751
99.589548 -3.561116
99.578970 -3.546482
99.568393 -3.531847
99.557816 -3.517212
99.547240 -3.502577
99.536664 -3.487942
99.526088 -3.473307
99.515513 -3.458671
99.504937 -3.444036
99.494363 -3.429400
99.483788 -3.414765
99.473214 -3.400129
99.462640 -3.385493
99.452066 -3.370857
99.441493 -3.356221
99.430920 -3.341585
99.420347 -3.326948
99.409775 -3.312312
99.399203 -3.297675
99.388631 -3.283039
99.378059 -3.268402
99.367488 -3.253765
99.356917 -3.239128
99.346346 -3.224491
99.335776 -3.209854
99.325206 -3.195216
99.314636 -3.180579
99.304066 -3.165942
99.293497 -3.151304
99.282928 -3.136666
99.272359 -3.122028
99.261791 -3.107391
99.251223 -3.092753
99.240655 -3.078115
99.230087 -3.063476
99.219520 -3.048838
99.208953 -3.034200
99.198386 -3.019561
99.187819 -3.004923
99.177253 -2.990284
99.166687 -2.975645
99.156121 -2.961006
99.145556 -2.946367
99.974410 -4.062711
99.963821 -4.048081
99.953231 -4.033450
99.942643 -4.018820
99.932054 -4.004189
99.921466 -3.989559
99.910879 -3.974928
99.900292 -3.960297
99.889705 -3.945666
99.879118 -3.931035
99.868532 -3.916403
99.857946 -3.901772
99.847360 -3.887140
99.836775 -3.872508
99.826191 -3.857877
99.815606 -3.843245
99.805022 -3.828612
99.794438 -3.813980
99.783855 -3.799348
99.773272 -3.784715
99.762689 -3.770083
99.752107 -3.755450
99.741525 -3.740817
99.730943 -3.726184
99.720361 -3.711551
99.709780 -3.696918
99.699200 -3.682285
99.688619 -3.667651
99.678039 -3.653018
99.667459 -3.638384
99.656880 -3.623750
99.646301 -3.609116
99.635722 -3.594482
99.625144 -3.579848
99.614566 -3.565214
99.603988 -3.550579
99.593410 -3.535945
99.582833 -3.521310
99.572256 -3.506675
99.561680 -3.492040
99.551104 -3.477406
99.540528 -3.462770
99.529952 -3.448135
99.519377 -3.433500
99.508802 -3.418864
99.498227 -3.404229
99.487653 -3.389593
99.477079 -3.374958
99.466505 -3.360322
99.455932 -3.345686
99.445359 -3.331050
99.434786 -3.316413
99.424213 -3.301777
99.413641 -3.287141
99.403069 -3.272504
99.392497 -3.257868
99.381926 -3.243231
99.371355 -3.228594
99.360784 -3.213957
99.350214 -3.199320
99.339643 -3.184683
99.329073 -3.170046
99.318504 -3.155408
99.307934 -3.140771
99.297365 -3.126133
99.286796 -3.111496
99.276228 -3.096858
99.265660 -3.082220
99.255092 -3.067582
99.244524 -3.052944
99.233956 -3.038306
99.223389 -3.023668
99.212822 -3.009029
99.202256 -2.994391
99.191689 -2.979752
99.181123 -2.965114
99.170557 -2.950475
99.159992 -2.935836
99.988854 -4.052168
99.978264 -4.037538
99.967675 -4.022908
99.957086 -4.008277
99.946498 -3.993647
99.935910 -3.979016
99.925322 -3.964386
99.914735 -3.949755
99.904148 -3.935124
99.893561 -3.920493
99.882975 -3.905862
99.872389 -3.891230
99.861803 -3.876599
99.851218 -3.861968
99.840633 -3.847336
99.830048 -3.832704
99.819464 -3.818072
99.808880 -3.803440
99.798297 -3.788808
99.787714 -3.774175
99.777131 -3.759543
99.766548 -3.744910
99.755966 -3.730278
99.745384 -3.715645
99.734803 -3.701012
99.724222 -3.686379
99.713641 -3.671746
99.703060 -3.657112
99.692480 -3.642479
99.681900 -3.627846
99.671321 -3.613212
99.660742 -3.598578
99.650163 -3.583944
99.639584 -3.569310
99.629006 -3.554676
99.618428 -3.540042
99.607850 -3.525407
99.597273 -3.510773
99.586696 -3.496138
99.576120 -3.481504
99.565543 -3.466869
99.554967 -3.452234
99.544392 -3.437599
99.533816 -3.422964
99.523241 -3.408328
99.512666 -3.393693
99.502092 -3.379058
99.491518 -3.364422
99.480944 -3.349786
99.470370 -3.335150
99.459797 -3.320514
99.449224 -3.305878
99.438651 -3.291242
99.428079 -3.276606
99.417507 -3.261970
99.406935 -3.247333
99.396364 -3.232697
99.385792 -3.218060
99.375222 -3.203423
99.364651 -3.188786
99.354081 -3.174149
99.343511 -3.159512
99.332941 -3.144875
99.322371 -3.130238
99.311802 -3.115600
99.301233 -3.100963
99.290664 -3.086325
99.280096 -3.071687
99.269528 -3.057050
99.258960 -3.042412
99.248393 -3.027774
99.237825 -3.013136
99.227258 -2.998497
99.216691 -2.983859
99.206125 -2.969221
99.195559 -2.954582
99.184993 -2.939944
99.174427 -2.925305
100.003298 -4.041624
99.992708 -4.026995
99.982119 -4.012365
99.971530 -3.997735
99.960941 -3.983104
99.950353 -3.968474
99.939765 -3.953843
99.929178 -3.939213
99.918590 -3.924582
99.908004 -3.909951
99.897417 -3.895320
99.886831 -3.880689
99.876245 -3.866058
99.865660 -3.851426
99.855075 -3.836795
99.844490 -3.822163
99.833906 -3.807531
99.823322 -3.792899
99.812738 -3.778267
99.802155 -3.763635
99.791572 -3.749003
99.780990 -3.734371
99.770407 -3.719738
99.759825 -3.705105
99.749244 -3.690473
99.738662 -3.675840
99.728081 -3.661207
99.717501 -3.646574
99.706921 -3.631940
99.696341 -3.617307
99.685761 -3.602673
99.675182 -3.588040
99.664603 -3.573406
99.654024 -3.558772
99.643446 -3.544138
99.632868 -3.529504
99.622290 -3.514870
99.611713 -3.500236
99.601136 -3.485601
99.590559 -3.470967
99.579983 -3.456332
99.569406 -3.441697
99.558831 -3.427062
99.548255 -3.412427
99.537680 -3.397792
99.527105 -3.383157
99.516530 -3.368522
99.505956 -3.353886
99.495382 -3.339251
99.484809 -3.324615
99.474235 -3.309979
99.463662 -3.295343
99.453089 -3.280707
99.442517 -3.266071
99.431945 -3.251435
99.421373 -3.236799
99.410801 -3.222162
99.400230 -3.207526
99.389659 -3.192889
99.379088 -3.178252
99.368518 -3.163615
99.357947 -3.148978
99.347378 -3.134341
99.336808 -3.119704
99.326239 -3.105067
99.315670 -3.090430
99.305101 -3.075792
99.294532 -3.061155
99.283964 -3.046517
99.273396 -3.031879
99.262828 -3.017241
99.252261 -3.002603
99.241694 -2.987965
99.231127 -2.973327
99.220560 -2.958689
99.209994 -2.944051
99.199428 -2.929412
99.188862 -2.914774
100.017741 -4.031081
100.007151 -4.016451
99.996562 -4.001821
99.985973 -3.987192
99.975384 -3.972561
99.964796 -3.957931
99.954208 -3.943301
99.943620 -3.928670
99.933033 -3.914040
99.922446 -3.899409
99.911859 -3.884778
99.901273 -3.870147
99.890687 -3.855516
99.880102 -3.840885
99.869517 -3.826254
99.858932 -3.811622
99.848348 -3.796991
99.837763 -3.782359
99.827180 -3.767727
99.816596 -3.753095
99.806013 -3.738463
99.795430 -3.723831
99.784848 -3.709198
99.774266 -3.694566
99.763684 -3.679933
99.753103 -3.665300
99.742522 -3.650667
99.731941 -3.636034
99.721361 -3.621401
99.710781 -3.606768
99.700201 -3.592135
99.689622 -3.577501
99.679043 -3.562868
99.668464 -3.548234
99.657885 -3.533600
99.647307 -3.518966
99.636729 -3.504332
99.626152 -3.489698
99.615575 -3.475064
99.604998 -3.460429
99.594421 -3.445795
99.583845 -3.431160
99.573269 -3.416525
99.562694 -3.401891
99.552118 -3.387256
99.541543 -3.372621
99.530969 -3.357985
99.520394 -3.343350
99.509820 -3.328715
99.499246 -3.314079
99.488673 -3.299443
99.478100 -3.284808
99.467527 -3.270172
99.456954 -3.255536
99.446382 -3.240900
99.435810 -3.226264
99.425238 -3.211627
99.414667 -3.196991
99.404096 -3.182355
99.393525 -3.167718
99.382954 -3.153081
99.372384 -3.138444
99.361814 -3.123808
99.351244 -3.109170
99.340675 -3.094533
99.330106 -3.079896
99.319537 -3.065259
99.308968 -3.050621
99.298400 -3.035984
99.287832 -3.021346
99.277264 -3.006709
99.266697 -2.992071
99.256129 -2.977433
99.245562 -2.962795
99.234996 -2.948157
99.224429 -2.933519
99.213863 -2.918880
99.203297 -2.904242
100.032184 -4.020537
100.021594 -4.005908
100.011004 -3.991278
100.000415 -3.976648
99.989826 -3.962018
99.979238 -3.947388
99.968650 -3.932758
99.958062 -3.918128
99.947475 -3.903497
99.936888 -3.888867
99.926301 -3.874236
99.915715 -3.859605
99.905129 -3.844974
99.894543 -3.830343
99.883958 -3.815712
99.873373 -3.801081
99.862789 -3.786449
99.852205 -3.771818
99.841621 -3.757186
99.831037 -3.742554
99.820454 -3.727922
99.809871 -3.713290
99.799289 -3.698658
99.788706 -3.684026
99.778125 -3.669393
99.767543 -3.654761
99.756962 -3.640128
99.746381 -3.625495
99.735801 -3.610862
99.725221 -3.596229
99.714641 -3.581596
99.704061 -3.566963
99.693482 -3.552329
99.682903 -3.537696
99.672325 -3.523062
99.661746 -3.508428
99.651168 -3.493794
99.640591 -3.479160
99.630014 -3.464526
99.619437 -3.449892
99.608860 -3.435257
99.598284 -3.420623
99.587708 -3.405988
99.577132 -3.391354
99.566556 -3.376719
99.555981 -3.362084
99.545407 -3.347449
99.534832 -3.332814
99.524258 -3.318178
99.513684 -3.303543
99.503110 -3.288908
99.492537 -3.274272
99.481964 -3.259636
99.471391 -3.245001
99.460819 -3.230365
99.450247 -3.215729
99.439675 -3.201092
99.429104 -3.186456
99.418532 -3.171820
99.407961 -3.157183
99.397391 -3.142547
99.386820 -3.127910
99.376250 -3.113273
99.365680 -3.098637
99.355111 -3.084000
99.344542 -3.069363
99.333973 -3.054725
99.323404 -3.040088
99.312835 -3.025451
99.302267 -3.010813
99.291699 -2.996176
99.281132 -2.981538
99.270564 -2.966900
99.259997 -2.952262
99.249430 -2.937624
99.238864 -2.922986
99.228298 -2.908348
99.217732 -2.893710
100.046626 -4.009993
100.036036 -3.995364
100.025447 -3.980734
100.014857 -3.966105
100.004268 -3.951475
99.993680 -3.936845
99.983092 -3.922215
99.972504 -3.907585
99.961917 -3.892955
99.951329 -3.878324
99.940743 -3.863694
99.930156 -3.849063
99.919570 -3.834432
99.908985 -3.819802
99.898399 -3.805171
99.887814 -3.790539
99.877230 -3.775908
99.866645 -3.761277
99.856061 -3.746645
99.845478 -3.732013
99.834894 -3.717382
99.824311 -3.702750
99.813729 -3.688118
99.803147 -3.673485
99.792565 -3.658853
99.781983 -3.644221
99.771402 -3.629588
99.760821 -3.614955
99.750240 -3.600323
99.739660 -3.585690
99.729080 -3.571057
99.718500 -3.556424
99.707921 -3.541790
99.697342 -3.527157
99.686763 -3.512523
99.676185 -3.497890
99.665607 -3.483256
99.655029 -3.468622
99.644452 -3.453988
99.633875 -3.439354
99.623298 -3.424720
99.612722 -3.410086
99.602146 -3.395451
99.591570 -3.380817
99.580994 -3.366182
99.570419 -3.351547
99.559844 -3.336912
99.549270 -3.322277
99.538695 -3.307642
99.528121 -3.293007
99.517548 -3.278372
99.506974 -3.263736
99.496401 -3.249101
99.485828 -3.234465
99.475256 -3.219829
99.464684 -3.205193
99.454112 -3.190557
99.443540 -3.175921
99.432969 -3.161285
99.422398 -3.146649
99.411827 -3.132012
99.401256 -3.117376
99.390686 -3.102739
99.380116 -3.088102
99.369546 -3.073466
99.358977 -3.058829
99.348408 -3.044192
99.337839 -3.029555
99.327271 -3.014917
99.316702 -3.000280
99.306134 -2.985643
99.295567 -2.971005
99.284999 -2.956367
99.274432 -2.941730
99.263865 -2.927092
99.253298 -2.912454
99.242732 -2.897816
99.232166 -2.883178
100.061068 -3.999449
100.050478 -3.984820
100.039889 -3.970191
100.029299 -3.955561
100.018710 -3.940932
100.008122 -3.926302
99.997533 -3.911672
99.986945 -3.897042
99.976358 -3.882412
99.965771 -3.867782
99.955184 -3.853151
99.944597 -3.838521
99.934011 -3.823890
99.923425 -3.809260
99.912840 -3.794629
99.902255 -3.779998
99.891670 -3.765366
99.881086 -3.750735
99.870502 -3.736104
99.859918 -3.721472
99.849334 -3.706841
99.838751 -3.692209
99.828169 -3.677577
99.817586 -3.662945
99.807004 -3.648313
99.796423 -3.633681
99.785841 -3.619048
99.775260 -3.604416
99.764679 -3.589783
99.754099 -3.575150
99.743519 -3.560517
99.732939 -3.545884
99.722360 -3.531251
99.711781 -3.516618
99.701202 -3.501985
99.690624 -3.487351
99.680046 -3.472718
99.669468 -3.458084
99.658890 -3.443450
99.648313 -3.428816
99.637736 -3.414182
99.627160 -3.399548
99.616583 -3.384914
99.606007 -3.370279
99.595432 -3.355645
99.584857 -3.341010
99.574281 -3.326375
99.563707 -3.311740
99.553132 -3.297106
99.542558 -3.282470
99.531984 -3.267835
99.521411 -3.253200
99.510838 -3.238565
99.500265 -3.223929
99.489692 -3.209293
99.479120 -3.194658
99.468548 -3.180022
99.457976 -3.165386
99.447405 -3.150750
99.436833 -3.136114
99.426263 -3.121477
99.415692 -3.106841
99.405122 -3.092205
99.394552 -3.077568
99.383982 -3.062931
99.373412 -3.048295
99.362843 -3.033658
99.352274 -3.019021
99.341705 -3.004384
99.331137 -2.989746
99.320569 -2.975109
99.310001 -2.960472
99.299434 -2.945834
99.288866 -2.931197
99.278299 -2.916559
99.267732 -2.901921
99.257166 -2.887283
99.246600 -2.872645
100.075510 -3.988905
100.064920 -3.974276
100.054330 -3.959647
100.043741 -3.945017
100.033152 -3.930388
100.022563 -3.915758
100.011975 -3.901129
100.001387 -3.886499
99.990799 -3.871869
99.980212 -3.857239
99.969625 -3.842609
99.959038 -3.827978
99.948452 -3.813348
99.937866 -3.798717
99.927280 -3.784087
99.916695 -3.769456
99.906110 -3.754825
99.895526 -3.740194
99.884942 -3.725562
99.874358 -3.710931
99.863774 -3.696300
99.853191 -3.681668
99.842608 -3.667036
99.832026 -3.652404
99.821444 -3.637772
99.810862 -3.623140
99.800280 -3.608508
99.789699 -3.593876
99.779118 -3.579243
99.768538 -3.564611
99.757958 -3.549978
99.747378 -3.535345
99.736798 -3.520712
99.726219 -3.506079
99.715640 -3.491446
99.705062 -3.476812
99.694484 -3.462179
99.683906 -3.447545
99.673328 -3.432912
99.662751 -3.418278
99.652174 -3.403644
99.641597 -3.389010
99.631021 -3.374376
99.620445 -3.359742
99.609869 -3.345107
99.599294 -3.330473
99.588718 -3.315838
99.578144 -3.301204
99.567569 -3.286569
99.556995 -3.271934
99.546421 -3.257299
99.535847 -3.242664
99.525274 -3.228028
99.514701 -3.213393
99.504128 -3.198758
99.493556 -3.184122
99.482984 -3.169486
99.472412 -3.154850
99.461840 -3.140215
99.451269 -3.125579
99.440698 -3.110942
99.430127 -3.096306
99.419557 -3.081670
99.408987 -3.067033
99.398417 -3.052397
99.387847 -3.037760
99.377278 -3.023124
99.366709 -3.008487
99.356140 -2.993850
99.345572 -2.979213
99.335003 -2.964576
99.324435 -2.949938
99.313868 -2.935301
99.303300 -2.920664
99.292733 -2.906026
99.282166 -2.891388
99.271600 -2.876751
99.261033 -2.862113
100.089952 -3.978360
100.079362 -3.963731
100.068772 -3.949102
100.058182 -3.934473
100.047593 -3.919844
100.037004 -3.905215
100.026415 -3.890585
100.015827 -3.875955
100.005240 -3.861326
99.994652 -3.846696
99.984065 -3.832066
99.973478 -3.817436
99.962892 -3.802805
99.952306 -3.788175
99.941720 -3.773544
99.931135 -3.758914
99.920550 -3.744283
99.909965 -3.729652
99.899381 -3.715021
99.888797 -3.700389
99.878214 -3.685758
99.867630 -3.671127
99.857047 -3.656495
99.846465 -3.641863
99.835883 -3.627232
99.825301 -3.612600
99.814719 -3.597968
99.804138 -3.583335
99.793557 -3.568703
99.782976 -3.554071
99.772396 -3.539438
99.761816 -3.524805
99.751237 -3.510173
99.740657 -3.495540
99.730078 -3.480907
99.719500 -3.466273
99.708921 -3.451640
99.698343 -3.437007
99.687766 -3.422373
99.677188 -3.407740
99.666611 -3.393106
99.656034 -3.378472
99.645458 -3.363838
99.634882 -3.349204
99.624306 -3.334570
99.613730 -3.319935
99.603155 -3.305301
99.592580 -3.290666
99.582006 -3.276032
99.571431 -3.261397
99.560857 -3.246762
99.550284 -3.232127
99.539710 -3.217492
99.529137 -3.202857
99.518564 -3.188221
99.507992 -3.173586
99.497419 -3.158950
99.486847 -3.144315
99.476276 -3.129679
99.465704 -3.115043
99.455133 -3.100407
99.444562 -3.085771
99.433992 -3.071135
99.423422 -3.056499
99.412852 -3.041862
99.402282 -3.027226
99.391712 -3.012589
99.381143 -2.997952
99.370574 -2.983316
99.360006 -2.968679
99.349437 -2.954042
99.338869 -2.939405
99.328302 -2.924768
99.317734 -2.910130
99.307167 -2.895493
99.296600 -2.880855
99.286033 -2.866218
99.275467 -2.851580
100.104393 -3.967815
100.093803 -3.953187
100.083213 -3.938558
100.072623 -3.923929
100.062034 -3.909300
100.051445 -3.894671
100.040856 -3.880041
100.030268 -3.865412
100.019680 -3.850782
100.009092 -3.836152
99.998505 -3.821522
99.987918 -3.806892
99.977332 -3.792262
99.966746 -3.777632
99.956160 -3.763002
99.945575 -3.748371
99.934990 -3.733740
99.924405 -3.719110
99.913820 -3.704479
99.903236 -3.689848
99.892653 -3.675217
99.882069 -3.660585
99.871486 -3.645954
99.860904 -3.631322
99.850321 -3.616691
99.839739 -3.602059
99.829158 -3.587427
99.818576 -3.572795
99.807995 -3.558163
99.797415 -3.543530
99.786834 -3.528898
99.776254 -3.514265
99.765674 -3.499633
99.755095 -3.485000
99.744516 -3.470367
99.733937 -3.455734
99.723359 -3.441101
99.712781 -3.426468
99.702203 -3.411834
99.691625 -3.397201
99.681048 -3.382567
99.670471 -3.367934
99.659895 -3.353300
99.649318 -3.338666
99.638742 -3.324032
99.628167 -3.309398
99.617592 -3.294763
99.607016 -3.280129
99.596442 -3.265494
99.585867 -3.250860
99.575293 -3.236225
99.564719 -3.221590
99.554146 -3.206955
99.543573 -3.192320
99.533000 -3.177685
99.522427 -3.163050
99.511855 -3.148414
99.501283 -3.133779
99.490711 -3.119143
99.480139 -3.104508
99.469568 -3.089872
99.458997 -3.075236
99.448426 -3.060600
99.437856 -3.045964
99.427286 -3.031327
99.416716 -3.016691
99.406147 -3.002055
99.395577 -2.987418
99.385008 -2.972781
99.374440 -2.958145
99.363871 -2.943508
99.353303 -2.928871
99.342735 -2.914234
99.332168 -2.899597
99.321600 -2.884959
99.311033 -2.870322
99.300466 -2.855685
99.289900 -2.841047
100.118834 -3.957270
100.108243 -3.942642
100.097653 -3.928013
100.087063 -3.913384
100.076474 -3.898755
100.065885 -3.884126
100.055296 -3.869497
100.044708 -3.854868
100.034120 -3.840238
100.023532 -3.825609
100.012945 -3.810979
100.002358 -3.796349
99.991772 -3.781719
99.981185 -3.767089
99.970599 -3.752459
99.960014 -3.737829
99.949429 -3.723198
99.938844 -3.708567
99.928259 -3.693937
99.917675 -3.679306
99.907092 -3.664675
99.896508 -3.650044
99.885925 -3.635412
99.875342 -3.620781
99.864760 -3.606149
99.854178 -3.591518
99.843596 -3.576886
99.833014 -3.562254
99.822433 -3.547622
99.811852 -3.532990
99.801272 -3.518358
99.790692 -3.503725
99.780112 -3.489093
99.769532 -3.474460
99.758953 -3.459828
99.748374 -3.445195
99.737796 -3.430562
99.727218 -3.415929
99.716640 -3.401295
99.706062 -3.386662
99.695485 -3.372029
99.684908 -3.357395
99.674331 -3.342761
99.663755 -3.328128
99.653179 -3.313494
99.642603 -3.298860
99.632028 -3.284226
99.621452 -3.269591
99.610878 -3.254957
99.600303 -3.240322
99.589729 -3.225688
99.579155 -3.211053
99.568581 -3.196418
99.558008 -3.181783
99.547435 -3.167148
99.536862 -3.152513
99.526290 -3.137878
99.515717 -3.123243
99.505146 -3.108607
99.494574 -3.093972
99.484003 -3.079336
99.473432 -3.064700
99.462861 -3.050064
99.452290 -3.035428
99.441720 -3.020792
99.431150 -3.006156
99.420581 -2.991520
99.410011 -2.976883
99.399442 -2.962247
99.388873 -2.947610
99.378305 -2.932974
99.367737 -2.918337
99.357169 -2.903700
99.346601 -2.889063
99.336033 -2.874426
99.325466 -2.859788
99.314899 -2.845151
99.304333 -2.830514
100.133274 -3.946725
100.122684 -3.932097
100.112094 -3.917468
100.101504 -3.902839
100.090914 -3.888211
100.080325 -3.873582
100.069736 -3.858953
100.059148 -3.844324
100.048560 -3.829694
100.037972 -3.815065
100.027385 -3.800435
100.016798 -3.785806
100.006211 -3.771176
99.995625 -3.756546
99.985039 -3.741916
99.974453 -3.727286
99.963868 -3.712655
99.953283 -3.698025
99.942698 -3.683394
99.932114 -3.668764
99.921530 -3.654133
99.910946 -3.639502
99.900363 -3.624871
99.889780 -3.610239
99.879198 -3.595608
99.868615 -3.580977
99.858034 -3.566345
99.847452 -3.551713
99.836871 -3.537081
99.826290 -3.522449
99.815709 -3.507817
99.805129 -3.493185
99.794549 -3.478553
99.783970 -3.463920
99.773390 -3.449288
99.762811 -3.434655
99.752233 -3.420022
99.741654 -3.405389
99.731076 -3.390756
99.720499 -3.376123
99.709921 -3.361490
99.699344 -3.346856
99.688767 -3.332223
99.678191 -3.317589
99.667615 -3.302955
99.657039 -3.288322
99.646463 -3.273688
99.635888 -3.259053
99.625313 -3.244419
99.614738 -3.229785
99.604164 -3.215150
99.593590 -3.200516
99.583016 -3.185881
99.572443 -3.171247
99.561870 -3.156612
99.551297 -3.141977
99.540724 -3.127342
99.530152 -3.112706
99.519580 -3.098071
99.509008 -3.083436
99.498437 -3.068800
99.487866 -3.054164
99.477295 -3.039529
99.466724 -3.024893
99.456154 -3.010257
99.445584 -2.995621
99.435014 -2.980985
99.424445 -2.966348
99.413876 -2.951712
99.403307 -2.937076
99.392738 -2.922439
99.382170 -2.907802
99.371602 -2.893166
99.361034 -2.878529
99.350466 -2.863892
99.339899 -2.849255
99.329332 -2.834618
99.318765 -2.819980
100.147715 -3.936179
100.137124 -3.921551
100.126534 -3.906923
100.115944 -3.892294
100.105354 -3.877666
100.094765 -3.863037
100.084176 -3.848408
100.073587 -3.833779
100.062999 -3.819150
100.052411 -3.804521
100.041824 -3.789892
100.031237 -3.775262
100.020650 -3.760632
100.010063 -3.746003
99.999477 -3.731373
99.988892 -3.716743
99.978306 -3.702113
99.967721 -3.687482
99.957136 -3.672852
99.946552 -3.658221
99.935968 -3.643591
99.925384 -3.628960
99.914801 -3.614329
99.904218 -3.599698
99.893635 -3.585066
99.883053 -3.570435
99.872471 -3.555804
99.861889 -3.541172
99.851308 -3.526540
99.840727 -3.511909
99.830146 -3.497277
99.819566 -3.482645
99.808986 -3.468012
99.798406 -3.453380
99.787827 -3.438748
99.777248 -3.424115
99.766669 -3.409482
99.756091 -3.394850
99.745513 -3.380217
99.734935 -3.365584
99.724357 -3.350951
99.713780 -3.336317
99.703203 -3.321684
99.692627 -3.307051
99.682050 -3.292417
99.671474 -3.277783
99.660899 -3.263149
99.650323 -3.248515
99.639748 -3.233881
99.629174 -3.219247
99.618599 -3.204613
99.608025 -3.189978
99.597451 -3.175344
99.586878 -3.160709
99.576304 -3.146075
99.565731 -3.131440
99.555159 -3.116805
99.544586 -3.102170
99.534014 -3.087535
99.523442 -3.072899
99.512871 -3.058264
99.502300 -3.043628
99.491729 -3.028993
99.481158 -3.014357
99.470588 -2.999721
99.460017 -2.985085
99.449448 -2.970449
99.438878 -2.955813
99.428309 -2.941177
99.417740 -2.926541
99.407171 -2.911904
99.396602 -2.897268
99.386034 -2.882631
99.375466 -2.867994
99.364899 -2.853358
99.354331 -2.838721
99.343764 -2.824084
99.333197 -2.809447
100.162154 -3.925634
100.151564 -3.911006
100.140973 -3.896378
100.130383 -3.881749
100.119793 -3.867121
100.109204 -3.852492
100.098615 -3.837864
100.088026 -3.823235
100.077438 -3.808606
100.066850 -3.793977
100.056263 -3.779348
100.045675 -3.764718
100.035088 -3.750089
100.024502 -3.735459
100.013916 -3.720829
100.003330 -3.706199
99.992744 -3.691569
99.982159 -3.676939
99.971574 -3.662309
99.960990 -3.647679
99.950406 -3.633048
99.939822 -3.618417
99.929239 -3.603787
99.918656 -3.589156
99.908073 -3.574525
99.897490 -3.559894
99.886908 -3.545262
99.876327 -3.530631
99.865745 -3.515999
99.855164 -3.501368
99.844583 -3.486736
99.834003 -3.472104
99.823423 -3.457472
99.812843 -3.442840
99.802263 -3.428207
99.791684 -3.413575
99.781105 -3.398943
99.770527 -3.384310
99.759948 -3.369677
99.749371 -3.355044
99.738793 -3.340411
99.728216 -3.325778
99.717639 -3.311145
99.707062 -3.296512
99.696486 -3.281878
99.685910 -3.267245
99.675334 -3.252611
99.664758 -3.237977
99.654183 -3.223343
99.643608 -3.208709
99.633034 -3.194075
99.622460 -3.179441
99.611886 -3.164806
99.601312 -3.150172
99.590739 -3.135537
99.580166 -3.120903
99.569593 -3.106268
99.559020 -3.091633
99.548448 -3.076998
99.537876 -3.062363
99.527305 -3.047728
99.516733 -3.033092
99.506162 -3.018457
99.495591 -3.003821
99.485021 -2.989186
99.474451 -2.974550
99.463881 -2.959914
99.453311 -2.945278
99.442742 -2.930642
99.432172 -2.916006
99.421604 -2.901369
99.411035 -2.886733
99.400467 -2.872097
99.389899 -2.857460
99.379331 -2.842823
99.368763 -2.828187
99.358196 -2.813550
99.347629 -2.798913
100.176594 -3.915088
100.166003 -3.900460
100.155412 -3.885832
100.144822 -3.871204
100.134232 -3.856576
100.123643 -3.841947
100.113054 -3.827319
100.102465 -3.812690
100.091877 -3.798061
100.081289 -3.783432
100.070701 -3.768803
100.060114 -3.754174
100.049527 -3.739545
100.038940 -3.724915
100.028354 -3.710286
100.017768 -3.695656
100.007182 -3.681026
99.996597 -3.666396
99.986012 -3.651766
99.975428 -3.637136
99.964843 -3.622505
99.954259 -3.607875
99.943676 -3.593244
99.933093 -3.578614
99.922510 -3.563983
99.911927 -3.549352
99.901345 -3.534720
99.890763 -3.520089
99.880182 -3.505458
99.869601 -3.490826
99.859020 -3.476195
99.848439 -3.461563
99.837859 -3.446931
99.827279 -3.432299
99.816699 -3.417667
99.806120 -3.403035
99.795541 -3.388402
99.784962 -3.373770
99.774384 -3.359137
99.763806 -3.344505
99.753228 -3.329872
99.742651 -3.315239
99.732074 -3.300606
99.721497 -3.285973
99.710921 -3.271339
99.700345 -3.256706
99.689769 -3.242072
99.679193 -3.227439
99.668618 -3.212805
99.658043 -3.198171
99.647468 -3.183537
99.636894 -3.168903
99.626320 -3.154269
99.615746 -3.139634
99.605173 -3.125000
99.594599 -3.110365
99.584027 -3.095731
99.573454 -3.081096
99.562882 -3.066461
99.552310 -3.051826
99.541738 -3.037191
99.531167 -3.022556
99.520595 -3.007921
99.510024 -2.993285
99.499454 -2.978650
99.488884 -2.964014
99.478313 -2.949378
99.467744 -2.934742
99.457174 -2.920107
99.446605 -2.905470
99.436036 -2.890834
99.425467 -2.876198
99.414899 -2.861562
99.404331 -2.846925
99.393763 -2.832289
99.383195 -2.817652
99.372628 -2.803015
99.362061 -2.788379
100.191033 -3.904542
100.180442 -3.889914
100.169851 -3.875286
100.159261 -3.860658
100.148671 -3.846030
100.138082 -3.831402
100.127492 -3.816774
100.116904 -3.802145
100.106315 -3.787516
100.095727 -3.772888
100.085139 -3.758259
100.074552 -3.743630
100.063965 -3.729001
100.053378 -3.714371
100.042792 -3.699742
100.032206 -3.685112
100.021620 -3.670483
100.011034 -3.655853
100.000449 -3.641223
99.989865 -3.626593
99.979281 -3.611963
99.968697 -3.597332
99.958113 -3.582702
99.947530 -3.568071
99.936947 -3.553440
99.926364 -3.538810
99.915782 -3.524179
99.905200 -3.509547
99.894618 -3.494916
99.884037 -3.480285
99.873456 -3.465653
99.862875 -3.451022
99.852295 -3.436390
99.841715 -3.421758
99.831135 -3.407126
99.820556 -3.392494
99.809977 -3.377862
99.799398 -3.363230
99.788819 -3.348597
99.778241 -3.333965
99.767664 -3.319332
99.757086 -3.304699
99.746509 -3.290066
99.735932 -3.275433
99.725355 -3.260800
99.714779 -3.246167
99.704203 -3.231533
99.693628 -3.216900
99.683052 -3.202266
99.672477 -3.187633
99.661902 -3.172999
99.651328 -3.158365
99.640754 -3.143731
99.630180 -3.129097
99.619606 -3.114462
99.609033 -3.099828
99.598460 -3.085193
99.587887 -3.070559
99.577315 -3.055924
99.566743 -3.041289
99.556171 -3.026654
99.545599 -3.012019
99.535028 -2.997384
99.524457 -2.982749
99.513887 -2.968113
99.503316 -2.953478
99.492746 -2.938842
99.482176 -2.924207
99.471606 -2.909571
99.461037 -2.894935
99.450468 -2.880299
99.439899 -2.865663
99.429331 -2.851027
99.418762 -2.836390
99.408194 -2.821754
99.397627 -2.807118
99.387059 -2.792481
99.376492 -2.777844
100.205472 -3.893995
100.194881 -3.879368
100.184290 -3.864740
100.173700 -3.850112
100.163110 -3.835484
100.152520 -3.820856
100.141931 -3.806228
100.131342 -3.791600
100.120753 -3.776971
100.110165 -3.762343
100.099577 -3.747714
100.088989 -3.733085
100.078402 -3.718456
100.067815 -3.703827
100.057229 -3.689198
100.046643 -3.674568
100.036057 -3.659939
100.025472 -3.645309
100.014887 -3.630679
100.004302 -3.616049
99.993717 -3.601419
99.983133 -3.586789
99.972550 -3.572159
99.961966 -3.557528
99.951383 -3.542898
99.940800 -3.528267
99.930218 -3.513636
99.919636 -3.499005
99.909054 -3.484374
99.898473 -3.469743
99.887892 -3.455112
99.877311 -3.440480
99.866730 -3.425849
99.856150 -3.411217
99.845570 -3.396585
99.834991 -3.381953
99.824412 -3.367321
99.813833 -3.352689
99.803254 -3.338057
99.792676 -3.323425
99.782098 -3.308792
99.771521 -3.294159
99.760943 -3.279527
99.750367 -3.264894
99.739790 -3.250261
99.729213 -3.235628
99.718637 -3.220994
99.708062 -3.206361
99.697486 -3.191728
99.686911 -3.177094
99.676336 -3.162460
99.665762 -3.147826
99.655187 -3.133193
99.644613 -3.118559
99.634040 -3.103924
99.623466 -3.089290
99.612893 -3.074656
99.602321 -3.060021
99.591748 -3.045387
99.581176 -3.030752
99.570604 -3.016117
99.560032 -3.001482
99.549461 -2.986847
99.538890 -2.972212
99.528319 -2.957577
99.517748 -2.942942
99.507178 -2.928306
99.496608 -2.913671
99.486038 -2.899035
99.475469 -2.884399
99.464900 -2.869763
99.454331 -2.855128
99.443762 -2.840491
99.433194 -2.825855
99.422626 -2.811219
99.412058 -2.796583
99.401490 -2.781946
99.390923 -2.767310
100.219910 -3.883449
100.209319 -3.868821
100.198728 -3.854194
100.188138 -3.839566
100.177548 -3.824939
100.166958 -3.810311
100.156369 -3.795683
100.145780 -3.781054
100.135191 -3.766426
100.124602 -3.751798
100.114014 -3.737169
100.103427 -3.722540
100.092840 -3.707912
100.082253 -3.693283
100.071666 -3.678653
100.061080 -3.664024
100.050494 -3.649395
100.039908 -3.634765
100.029323 -3.620136
100.018738 -3.605506
100.008154 -3.590876
99.997570 -3.576246
99.986986 -3.561616
99.976402 -3.546986
99.965819 -3.532355
99.955236 -3.517725
99.944654 -3.503094
99.934072 -3.488463
99.923490 -3.473832
99.912908 -3.459201
99.902327 -3.444570
99.891746 -3.429939
99.881166 -3.415307
99.870585 -3.400676
99.860006 -3.386044
99.849426 -3.371412
99.838847 -3.356781
99.828268 -3.342149
99.817689 -3.327516
99.807111 -3.312884
99.796533 -3.298252
99.785955 -3.283619
99.775378 -3.268987
99.764801 -3.254354
99.754224 -3.239721
99.743648 -3.225088
99.733071 -3.210455
99.722495 -3.195822
99.711920 -3.181189
99.701345 -3.166555
99.690770 -3.151922
99.680195 -3.137288
99.669621 -3.122654
99.659047 -3.108020
99.648473 -3.093386
99.637899 -3.078752
99.627326 -3.064118
99.616753 -3.049484
99.606181 -3.034849
99.595608 -3.020215
99.585036 -3.005580
99.574465 -2.990945
99.563893 -2.976310
99.553322 -2.961675
99.542751 -2.947040
99.532180 -2.932405
99.521610 -2.917770
99.511040 -2.903134
99.500470 -2.888499
99.489901 -2.873863
99.479331 -2.859228
99.468762 -2.844592
99.458194 -2.829956
99.447625 -2.815320
99.437057 -2.800684
99.426489 -2.786048
99.415921 -2.771411
99.405354 -2.756775
100.234349 -3.872902
100.223757 -3.858275
100.213166 -3.843647
100.202576 -3.829020
100.191985 -3.814392
100.181396 -3.799765
100.170806 -3.785137
100.160217 -3.770509
100.149628 -3.755881
100.139040 -3.741252
100.128452 -3.726624
100.117864 -3.711995
100.107277 -3.697367
100.096690 -3.682738
100.086103 -3.668109
100.075517 -3.653480
100.064931 -3.638851
100.054345 -3.624221
100.043760 -3.609592
100.033175 -3.594962
100.022590 -3.580333
100.012006 -3.565703
100.001422 -3.551073
99.990838 -3.536443
99.980255 -3.521812
99.969672 -3.507182
99.959089 -3.492551
99.948507 -3.477921
99.937925 -3.463290
99.927344 -3.448659
99.916762 -3.434028
99.906181 -3.419397
99.895601 -3.404766
99.885020 -3.390134
99.874440 -3.375503
99.863861 -3.360871
99.853281 -3.346240
99.842702 -3.331608
99.832124 -3.316976
99.821545 -3.302344
99.810967 -3.287711
99.800389 -3.273079
99.789812 -3.258447
99.779235 -3.243814
99.768658 -3.229181
99.758081 -3.214548
99.747505 -3.199916
99.736929 -3.185283
99.726353 -3.170649
99.715778 -3.156016
99.705203 -3.141383
99.694628 -3.126749
99.684054 -3.112116
99.673480 -3.097482
99.662906 -3.082848
99.652332 -3.068214
99.641759 -3.053580
99.631186 -3.038946
99.620613 -3.024312
99.610041 -3.009677
99.599469 -2.995043
99.588897 -2.980408
99.578325 -2.965773
99.567754 -2.951138
99.557183 -2.936504
99.546612 -2.921868
99.536042 -2.907233
99.525471 -2.892598
99.514902 -2.877963
99.504332 -2.863327
99.493763 -2.848692
99.483193 -2.834056
99.472625 -2.819420
99.462056 -2.804784
99.451488 -2.790148
99.440920 -2.775512
99.430352 -2.760876
99.419784 -2.746240
100.248786 -3.862355
100.238195 -3.847728
100.227604 -3.833101
100.217013 -3.818473
100.206423 -3.803846
100.195833 -3.789219
100.185243 -3.774591
100.174654 -3.759963
100.164065 -3.745335
100.153477 -3.730707
100.142889 -3.716079
100.132301 -3.701450
100.121713 -3.686822
100.111126 -3.672193
100.100539 -3.657564
100.089953 -3.642935
100.079367 -3.628306
100.068781 -3.613677
100.058196 -3.599048
100.047611 -3.584418
100.037026 -3.569789
100.026442 -3.555159
100.015858 -3.540529
100.005274 -3.525899
99.994690 -3.511269
99.984107 -3.496639
99.973525 -3.482009
99.962942 -3.467378
99.952360 -3.452748
99.941779 -3.438117
99.931197 -3.423486
99.920616 -3.408855
99.910035 -3.394224
99.899455 -3.379593
99.888875 -3.364961
99.878295 -3.350330
99.867716 -3.335698
99.857137 -3.321067
99.846558 -3.306435
99.835979 -3.291803
99.825401 -3.277171
99.814823 -3.262539
99.804246 -3.247906
99.793668 -3.233274
99.783091 -3.218641
99.772515 -3.204009
99.761938 -3.189376
99.751362 -3.174743
99.740786 -3.160110
99.730211 -3.145477
99.719636 -3.130844
99.709061 -3.116210
99.698486 -3.101577
99.687912 -3.086943
99.677338 -3.072309
99.666765 -3.057676
99.656191 -3.043042
99.645618 -3.028408
99.635045 -3.013774
99.624473 -2.999139
99.613900 -2.984505
99.603329 -2.969871
99.592757 -2.955236
99.582185 -2.940601
99.571614 -2.925966
99.561044 -2.911332
99.550473 -2.896697
99.539903 -2.882061
99.529333 -2.867426
99.518763 -2.852791
99.508193 -2.838156
99.497624 -2.823520
99.487055 -2.808884
99.476487 -2.794249
99.465918 -2.779613
99.455350 -2.764977
99.444782 -2.750341
99.434215 -2.735705
100.263224 -3.851808
100.252632 -3.837181
100.242041 -3.822554
100.231450 -3.807927
100.220860 -3.793300
100.210270 -3.778672
100.199680 -3.764045
100.189091 -3.749417
100.178502 -3.734789
100.167913 -3.720161
100.157325 -3.705533
100.146737 -3.690905
100.136150 -3.676276
100.125562 -3.661648
100.114975 -3.647019
100.104389 -3.632391
100.093803 -3.617762
100.083217 -3.603133
100.072631 -3.588504
100.062046 -3.573874
100.051461 -3.559245
100.040877 -3.544615
100.030293 -3.529986
100.019709 -3.515356
100.009126 -3.500726
99.998543 -3.486096
99.987960 -3.471466
99.977377 -3.456835
99.966795 -3.442205
99.956213 -3.427574
99.945632 -3.412944
99.935051 -3.398313
99.924470 -3.383682
99.913889 -3.369051
99.903309 -3.354420
99.892729 -3.339788
99.882150 -3.325157
99.871570 -3.310525
99.860992 -3.295894
99.850413 -3.281262
99.839835 -3.266630
99.829257 -3.251998
99.818679 -3.237366
99.808102 -3.222733
99.797524 -3.208101
99.786948 -3.193469
99.776371 -3.178836
99.765795 -3.164203
99.755219 -3.149570
99.744644 -3.134937
99.734068 -3.120304
99.723494 -3.105671
99.712919 -3.091038
99.702345 -3.076404
99.691770 -3.061771
99.681197 -3.047137
99.670623 -3.032503
99.660050 -3.017869
99.649477 -3.003235
99.638904 -2.988601
99.628332 -2.973967
99.617760 -2.959333
99.607188 -2.944698
99.596617 -2.930064
99.586046 -2.915429
99.575475 -2.900794
99.564904 -2.886160
99.554334 -2.871525
99.543763 -2.856890
99.533194 -2.842254
99.522624 -2.827619
99.512055 -2.812984
99.501486 -2.798348
99.490917 -2.783713
99.480349 -2.769077
99.469780 -2.754441
99.459212 -2.739805
99.448645 -2.725169
100.277661 -3.841260
100.267069 -3.826634
100.256478 -3.812007
100.245887 -3.797380
100.235297 -3.782753
100.224707 -3.768126
100.214117 -3.753498
100.203527 -3.738871
100.192938 -3.724243
100.182350 -3.709615
100.171761 -3.694987
100.161173 -3.680359
100.150586 -3.665731
100.139998 -3.651103
100.129411 -3.636474
100.118825 -3.621846
100.108238 -3.607217
100.097652 -3.592588
100.087067 -3.577959
100.076482 -3.563330
100.065897 -3.548701
100.055312 -3.534071
100.044728 -3.519442
100.034144 -3.504812
100.023560 -3.490182
100.012977 -3.475552
100.002394 -3.460922
99.991812 -3.446292
99.981230 -3.431662
99.970648 -3.417032
99.960066 -3.402401
99.949485 -3.387770
99.938904 -3.373140
99.928323 -3.358509
99.917743 -3.343878
99.907163 -3.329246
99.896583 -3.314615
99.886004 -3.299984
99.875425 -3.285352
99.864846 -3.270721
99.854268 -3.256089
99.843690 -3.241457
99.833112 -3.226825
99.822535 -3.212193
99.811957 -3.197561
99.801381 -3.182928
99.790804 -3.168296
99.780228 -3.153663
99.769652 -3.139030
99.759076 -3.124398
99.748501 -3.109765
99.737926 -3.095132
99.727351 -3.080498
99.716777 -3.065865
99.706202 -3.051232
99.695629 -3.036598
99.685055 -3.021965
99.674482 -3.007331
99.663909 -2.992697
99.653336 -2.978063
99.642763 -2.963429
99.632191 -2.948795
99.621619 -2.934161
99.611048 -2.919526
99.600477 -2.904892
99.589905 -2.890257
99.579335 -2.875622
99.568764 -2.860988
99.558194 -2.846353
99.547624 -2.831718
99.537054 -2.817082
99.526485 -2.802447
99.515916 -2.787812
99.505347 -2.773176
99.494778 -2.758541
99.484210 -2.743905
99.473642 -2.729269
99.463074 -2.714634
100.292098 -3.830713
100.281506 -3.816086
100.270915 -3.801460
100.260324 -3.786833
100.249733 -3.772206
100.239143 -3.757579
100.228553 -3.742952
100.217964 -3.728324
100.207374 -3.713697
100.196786 -3.699069
100.186197 -3.684441
100.175609 -3.669813
100.165021 -3.655185
100.154434 -3.640557
100.143847 -3.625929
100.133260 -3.611300
100.122674 -3.596672
100.112088 -3.582043
100.101502 -3.567414
100.090917 -3.552785
100.080332 -3.538156
100.069747 -3.523527
100.059163 -3.508898
100.048579 -3.494268
100.037995 -3.479639
100.027412 -3.465009
100.016829 -3.450379
100.006246 -3.435749
99.995664 -3.421119
99.985082 -3.406489
99.974500 -3.391858
99.963919 -3.377228
99.953338 -3.362597
99.942757 -3.347966
99.932177 -3.333335
99.921596 -3.318704
99.911017 -3.304073
99.900437 -3.289442
99.889858 -3.274811
99.879279 -3.260179
99.868701 -3.245548
99.858123 -3.230916
99.847545 -3.216284
99.836967 -3.201652
99.826390 -3.187020
99.815813 -3.172388
99.805236 -3.157755
99.794660 -3.143123
99.784084 -3.128490
99.773508 -3.113858
99.762933 -3.099225
99.752358 -3.084592
99.741783 -3.069959
99.731208 -3.055326
99.720634 -3.040693
99.710060 -3.026059
99.699486 -3.011426
99.688913 -2.996792
99.678340 -2.982158
99.667767 -2.967525
99.657195 -2.952891
99.646622 -2.938257
99.636050 -2.923623
99.625479 -2.908988
99.614907 -2.894354
99.604336 -2.879720
99.593765 -2.865085
99.583195 -2.850450
99.572624 -2.835816
99.562054 -2.821181
99.551485 -2.806546
99.540915 -2.791911
99.530346 -2.777275
99.519777 -2.762640
99.509208 -2.748005
99.498640 -2.733369
99.488072 -2.718734
99.477504 -2.704098
100.306534 -3.820165
100.295943 -3.805538
100.285351 -3.790912
100.274760 -3.776285
100.264169 -3.761659
100.253579 -3.747032
100.242989 -3.732405
100.232399 -3.717777
100.221810 -3.703150
100.211221 -3.688523
100.200633 -3.673895
100.190045 -3.659267
100.179457 -3.644639
100.168869 -3.630011
100.158282 -3.615383
100.147695 -3.600755
100.137109 -3.586127
100.126523 -3.571498
100.115937 -3.556869
100.105351 -3.542241
100.094766 -3.527612
100.084182 -3.512983
100.073597 -3.498353
100.063013 -3.483724
100.052429 -3.469095
100.041846 -3.454465
100.031263 -3.439835
100.020680 -3.425205
100.010098 -3.410576
99.999515 -3.395945
99.988934 -3.381315
99.978352 -3.366685
99.967771 -3.352054
99.957190 -3.337424
99.946610 -3.322793
99.936030 -3.308162
99.925450 -3.293531
99.914870 -3.278900
99.904291 -3.264269
99.893712 -3.249638
99.883134 -3.235006
99.872555 -3.220375
99.861977 -3.205743
99.851400 -3.191111
99.840822 -3.176479
99.830245 -3.161847
99.819669 -3.147215
99.809092 -3.132583
99.798516 -3.117950
99.787940 -3.103318
99.777365 -3.088685
99.766789 -3.074052
99.756214 -3.059419
99.745640 -3.044786
99.735065 -3.030153
99.724491 -3.015520
99.713918 -3.000887
99.703344 -2.986253
99.692771 -2.971620
99.682198 -2.956986
99.671625 -2.942352
99.661053 -2.927718
99.650481 -2.913084
99.639909 -2.898450
99.629338 -2.883816
99.618766 -2.869182
99.608195 -2.854547
99.597625 -2.839913
99.587054 -2.825278
99.576484 -2.810643
99.565914 -2.796009
99.555345 -2.781374
99.544775 -2.766739
99.534206 -2.752103
99.523638 -2.737468
99.513069 -2.722833
99.502501 -2.708197
99.491933 -2.693562
100.320971 -3.809617
100.310379 -3.794991
100.299787 -3.780364
100.289196 -3.765738
100.278605 -3.751111
100.268015 -3.736484
100.257425 -3.721858
100.246835 -3.707231
100.236246 -3.692603
100.225657 -3.677976
100.215068 -3.663349
100.204480 -3.648721
100.193892 -3.634093
100.183304 -3.619466
100.172717 -3.604838
100.162130 -3.590209
100.151543 -3.575581
100.140957 -3.560953
100.130371 -3.546324
100.119786 -3.531696
100.109201 -3.517067
100.098616 -3.502438
100.088031 -3.487809
100.077447 -3.473180
100.066863 -3.458550
100.056280 -3.443921
100.045696 -3.429291
100.035114 -3.414662
100.024531 -3.400032
100.013949 -3.385402
100.003367 -3.370772
99.992786 -3.356142
99.982204 -3.341511
99.971623 -3.326881
99.961043 -3.312250
99.950463 -3.297620
99.939883 -3.282989
99.929303 -3.268358
99.918724 -3.253727
99.908145 -3.239096
99.897566 -3.224464
99.886988 -3.209833
99.876410 -3.195201
99.865832 -3.180570
99.855254 -3.165938
99.844677 -3.151306
99.834100 -3.136674
99.823524 -3.122042
99.812948 -3.107410
99.802372 -3.092777
99.791796 -3.078145
99.781221 -3.063512
99.770646 -3.048879
99.760071 -3.034247
99.749496 -3.019614
99.738922 -3.004981
99.728348 -2.990347
99.717775 -2.975714
99.707202 -2.961081
99.696628 -2.946447
99.686056 -2.931814
99.675483 -2.917180
99.664911 -2.902546
99.654339 -2.887912
99.643768 -2.873278
99.633196 -2.858644
99.622625 -2.844010
99.612055 -2.829375
99.601484 -2.814741
99.590914 -2.800106
99.580344 -2.785471
99.569774 -2.770837
99.559205 -2.756202
99.548636 -2.741567
99.538067 -2.726931
99.527498 -2.712296
99.516930 -2.697661
99.506362 -2.683025
100.335406 -3.799069
100.324814 -3.784443
100.314223 -3.769816
100.303632 -3.755190
100.293041 -3.740564
100.282450 -3.725937
100.271860 -3.711310
100.261270 -3.696683
100.250681 -3.682056
100.240092 -3.667429
100.229503 -3.652802
100.218915 -3.638175
100.208326 -3.623547
100.197739 -3.608919
100.187151 -3.594292
100.176564 -3.579664
100.165978 -3.565036
100.155391 -3.550407
100.144805 -3.535779
100.134220 -3.521150
100.123635 -3.506522
100.113050 -3.491893
100.102465 -3.477264
100.091881 -3.462635
100.081297 -3.448006
100.070713 -3.433377
100.060130 -3.418747
100.049547 -3.404118
100.038964 -3.389488
100.028382 -3.374858
100.017800 -3.360229
100.007218 -3.345598
99.996637 -3.330968
99.986056 -3.316338
99.975475 -3.301708
99.964895 -3.287077
99.954315 -3.272446
99.943735 -3.257816
99.933156 -3.243185
99.922577 -3.228554
99.911998 -3.213923
99.901420 -3.199291
99.890841 -3.184660
99.880264 -3.170028
99.869686 -3.155397
99.859109 -3.140765
99.848532 -3.126133
99.837955 -3.111501
99.827379 -3.096869
99.816803 -3.082237
99.806227 -3.067604
99.795652 -3.052972
99.785077 -3.038339
99.774502 -3.023707
99.763927 -3.009074
99.753353 -2.994441
99.742779 -2.979808
99.732205 -2.965175
99.721632 -2.950542
99.711059 -2.935908
99.700486 -2.921275
99.689913 -2.906641
99.679341 -2.892007
99.668769 -2.877374
99.658197 -2.862740
99.647626 -2.848106
99.637055 -2.833471
99.626484 -2.818837
99.615913 -2.804203
99.605343 -2.789568
99.594773 -2.774934
99.584203 -2.760299
99.573634 -2.745664
99.563065 -2.731030
99.552496 -2.716395
99.541927 -2.701759
99.531358 -2.687124
99.520790 -2.672489
100.349842 -3.788520
100.339250 -3.773894
100.328658 -3.759268
100.318067 -3.744642
100.307476 -3.730016
100.296885 -3.715389
100.286295 -3.700763
100.275705 -3.686136
100.265116 -3.671509
100.254526 -3.656882
100.243938 -3.642255
100.233349 -3.627628
100.222761 -3.613001
100.212173 -3.598373
100.201586 -3.583745
100.190999 -3.569118
100.180412 -3.554490
100.169825 -3.539862
100.159239 -3.525233
100.148654 -3.510605
100.138068 -3.495977
100.127483 -3.481348
100.116899 -3.466719
100.106314 -3.452090
100.095730 -3.437461
100.085146 -3.422832
100.074563 -3.408203
100.063980 -3.393574
100.053397 -3.378944
100.042815 -3.364315
100.032233 -3.349685
100.021651 -3.335055
100.011070 -3.320425
100.000489 -3.305795
99.989908 -3.291165
99.979327 -3.276534
99.968747 -3.261904
99.958167 -3.247273
99.947588 -3.232642
99.937009 -3.218011
99.926430 -3.203380
99.915851 -3.188749
99.905273 -3.174118
99.894695 -3.159487
99.884117 -3.144855
99.873540 -3.130224
99.862963 -3.115592
99.852386 -3.100960
99.841810 -3.086328
99.831234 -3.071696
99.820658 -3.057064
99.810083 -3.042431
99.799507 -3.027799
99.788932 -3.013167
99.778358 -2.998534
99.767783 -2.983901
99.757209 -2.969268
99.746635 -2.954635
99.736062 -2.940002
99.725489 -2.925369
99.714916 -2.910736
99.704343 -2.896102
99.693771 -2.881469
99.683199 -2.866835
99.672627 -2.852201
99.662055 -2.837567
99.651484 -2.822933
99.640913 -2.808299
99.630343 -2.793665
99.619772 -2.779031
99.609202 -2.764396
99.598632 -2.749762
99.588063 -2.735127
99.577493 -2.720492
99.566924 -2.705857
99.556355 -2.691223
99.545787 -2.676587
99.535218 -2.661952
100.364277 -3.777971
100.353685 -3.763346
100.343093 -3.748720
100.332502 -3.734094
100.321911 -3.719468
100.311320 -3.704842
100.300730 -3.690215
100.290140 -3.675589
100.279550 -3.660962
100.268961 -3.646335
100.258372 -3.631708
100.247783 -3.617081
100.237195 -3.602454
100.226607 -3.587827
100.216020 -3.573199
100.205432 -3.558571
100.194846 -3.543944
100.184259 -3.529316
100.173673 -3.514688
100.163087 -3.500060
100.152502 -3.485431
100.141916 -3.470803
100.131332 -3.456174
100.120747 -3.441546
100.110163 -3.426917
100.099579 -3.412288
100.088996 -3.397659
100.078413 -3.383029
100.067830 -3.368400
100.057247 -3.353771
100.046665 -3.339141
100.036083 -3.324511
100.025502 -3.309881
100.014921 -3.295251
100.004340 -3.280621
99.993759 -3.265991
99.983179 -3.251361
99.972599 -3.236730
99.962020 -3.222100
99.951440 -3.207469
99.940861 -3.192838
99.930283 -3.178207
99.919704 -3.163576
99.909126 -3.148945
99.898549 -3.134313
99.887971 -3.119682
99.877394 -3.105050
99.866817 -3.090419
99.856241 -3.075787
99.845665 -3.061155
99.835089 -3.046523
99.824513 -3.031891
99.813938 -3.017259
99.803363 -3.002626
99.792788 -2.987994
99.782213 -2.973361
99.771639 -2.958728
99.761065 -2.944095
99.750492 -2.929462
99.739919 -2.914829
99.729345 -2.900196
99.718773 -2.885563
99.708200 -2.870929
99.697628 -2.856296
99.687056 -2.841662
99.676485 -2.827029
99.665913 -2.812395
99.655342 -2.797761
99.644771 -2.783127
99.634201 -2.768493
99.623631 -2.753858
99.613061 -2.739224
99.602491 -2.724589
99.591922 -2.709955
99.581352 -2.695320
99.570784 -2.680685
99.560215 -2.666050
99.549646 -2.651415
100.378712 -3.767422
100.368120 -3.752797
100.357528 -3.738171
100.346936 -3.723546
100.336345 -3.708920
100.325754 -3.694293
100.315164 -3.679667
100.304574 -3.665041
100.293984 -3.650414
100.283395 -3.635788
100.272806 -3.621161
100.262217 -3.606534
100.251629 -3.591907
100.241041 -3.577280
100.230453 -3.562652
100.219866 -3.548025
100.209279 -3.533397
100.198692 -3.518770
100.188106 -3.504142
100.177520 -3.489514
100.166935 -3.474886
100.156349 -3.460257
100.145765 -3.445629
100.135180 -3.431000
100.124596 -3.416372
100.114012 -3.401743
100.103428 -3.387114
100.092845 -3.372485
100.082262 -3.357856
100.071680 -3.343226
100.061097 -3.328597
100.050516 -3.313967
100.039934 -3.299338
100.029353 -3.284708
100.018772 -3.270078
100.008191 -3.255448
99.997611 -3.240818
99.987031 -3.226187
99.976451 -3.211557
99.965872 -3.196926
99.955293 -3.182296
99.944714 -3.167665
99.934135 -3.153034
99.923557 -3.138403
99.912979 -3.123772
99.902402 -3.109140
99.891825 -3.094509
99.881248 -3.079877
99.870671 -3.065246
99.860095 -3.050614
99.849519 -3.035982
99.838943 -3.021350
99.828368 -3.006718
99.817793 -2.992086
99.807218 -2.977453
99.796643 -2.962821
99.786069 -2.948188
99.775495 -2.933555
99.764921 -2.918923
99.754348 -2.904290
99.743775 -2.889657
99.733202 -2.875024
99.722629 -2.860390
99.712057 -2.845757
99.701485 -2.831123
99.690914 -2.816490
99.680342 -2.801856
99.669771 -2.787222
99.659200 -2.772588
99.648629 -2.757954
99.638059 -2.743320
99.627489 -2.728686
99.616919 -2.714052
99.606350 -2.699417
99.595780 -2.684783
99.585211 -2.670148
99.574643 -2.655513
99.564074 -2.640878
100.393147 -3.756873
100.382554 -3.742248
100.371962 -3.727623
100.361371 -3.712997
100.350779 -3.698371
100.340189 -3.683745
100.329598 -3.669119
100.319008 -3.654493
100.308418 -3.639867
100.297829 -3.625240
100.287239 -3.610613
100.276651 -3.595987
100.266062 -3.581360
100.255474 -3.566733
100.244886 -3.552106
100.234299 -3.537478
100.223712 -3.522851
100.213125 -3.508223
100.202539 -3.493596
100.191953 -3.478968
100.181367 -3.464340
100.170782 -3.449712
100.160197 -3.435083
100.149612 -3.420455
100.139028 -3.405826
100.128444 -3.391198
100.117861 -3.376569
100.107277 -3.361940
100.096694 -3.347311
100.086112 -3.332682
100.075529 -3.318053
100.064947 -3.303423
100.054366 -3.288794
100.043784 -3.274164
100.033203 -3.259534
100.022622 -3.244904
100.012042 -3.230274
100.001462 -3.215644
99.990882 -3.201014
99.980303 -3.186383
99.969724 -3.171753
99.959145 -3.157122
99.948566 -3.142491
99.937988 -3.127860
99.927410 -3.113229
99.916832 -3.098598
99.906255 -3.083967
99.895678 -3.069336
99.885101 -3.054704
99.874525 -3.040072
99.863949 -3.025441
99.853373 -3.010809
99.842798 -2.996177
99.832222 -2.981545
99.821647 -2.966913
99.811073 -2.952280
99.800498 -2.937648
99.789924 -2.923015
99.779351 -2.908383
99.768777 -2.893750
99.758204 -2.879117
99.747631 -2.864484
99.737058 -2.849851
99.726486 -2.835218
99.715914 -2.820584
99.705342 -2.805951
99.694771 -2.791317
99.684199 -2.776684
99.673628 -2.762050
99.663058 -2.747416
99.652487 -2.732782
99.641917 -2.718148
99.631347 -2.703514
99.620778 -2.688879
99.610208 -2.674245
99.599639 -2.659610
99.589070 -2.644976
99.578502 -2.630341
100.407581 -3.746324
100.396989 -3.731699
100.386396 -3.717074
100.375805 -3.702448
100.365213 -3.687822
100.354622 -3.673197
100.344032 -3.658571
100.333441 -3.643945
100.322852 -3.629319
100.312262 -3.614692
100.301673 -3.600066
100.291084 -3.585439
100.280495 -3.570812
100.269907 -3.556186
100.259319 -3.541559
100.248732 -3.526931
100.238145 -3.512304
100.227558 -3.497677
100.216972 -3.483049
100.206386 -3.468421
100.195800 -3.453794
100.185214 -3.439166
100.174629 -3.424538
100.164045 -3.409909
100.153460 -3.395281
100.142876 -3.380653
100.132292 -3.366024
100.121709 -3.351395
100.111126 -3.336766
100.100543 -3.322137
100.089961 -3.307508
100.079379 -3.292879
100.068797 -3.278250
100.058215 -3.263620
100.047634 -3.248990
100.037054 -3.234361
100.026473 -3.219731
100.015893 -3.205101
100.005313 -3.190471
99.994733 -3.175840
99.984154 -3.161210
99.973575 -3.146579
99.962997 -3.131949
99.952418 -3.117318
99.941840 -3.102687
99.931263 -3.088056
99.920685 -3.073425
99.910108 -3.058794
99.899531 -3.044162
99.888955 -3.029531
99.878379 -3.014899
99.867803 -3.000268
99.857227 -2.985636
99.846652 -2.971004
99.836077 -2.956372
99.825502 -2.941740
99.814928 -2.927107
99.804353 -2.912475
99.793780 -2.897842
99.783206 -2.883210
99.772633 -2.868577
99.762060 -2.853944
99.751487 -2.839311
99.740915 -2.824678
99.730342 -2.810045
99.719770 -2.795412
99.709199 -2.780778
99.698628 -2.766145
99.688056 -2.751511
99.677486 -2.736877
99.666915 -2.722243
99.656345 -2.707609
99.645775 -2.692975
99.635205 -2.678341
99.624636 -2.663707
99.614067 -2.649073
99.603498 -2.634438
99.592929 -2.619803
100.422015 -3.735775
100.411422 -3.721150
100.400830 -3.706524
100.390238 -3.691899
100.379647 -3.677274
100.369056 -3.662648
100.358465 -3.648022
100.347875 -3.633396
100.337285 -3.618770
100.326695 -3.604144
100.316106 -3.589518
100.305517 -3.574892
100.294928 -3.560265
100.284340 -3.545638
100.273752 -3.531011
100.263165 -3.516384
100.252577 -3.501757
100.241991 -3.487130
100.231404 -3.472503
100.220818 -3.457875
100.210232 -3.443247
100.199647 -3.428620
100.189061 -3.413992
100.178477 -3.399364
100.167892 -3.384735
100.157308 -3.370107
100.146724 -3.355479
100.136141 -3.340850
100.125557 -3.326221
100.114975 -3.311592
100.104392 -3.296964
100.093810 -3.282334
100.083228 -3.267705
100.072646 -3.253076
100.062065 -3.238446
100.051484 -3.223817
100.040904 -3.209187
100.030323 -3.194557
100.019743 -3.179927
100.009164 -3.165297
99.998584 -3.150667
99.988005 -3.136036
99.977427 -3.121406
99.966848 -3.106775
99.956270 -3.092145
99.945692 -3.077514
99.935115 -3.062883
99.924538 -3.048252
99.913961 -3.033620
99.903384 -3.018989
99.892808 -3.004358
99.882232 -2.989726
99.871656 -2.975094
99.861081 -2.960463
99.850506 -2.945831
99.839931 -2.931199
99.829356 -2.916567
99.818782 -2.901934
99.808208 -2.887302
99.797635 -2.872669
99.787061 -2.858037
99.776488 -2.843404
99.765915 -2.828771
99.755343 -2.814138
99.744770 -2.799505
99.734199 -2.784872
99.723627 -2.770239
99.713055 -2.755605
99.702484 -2.740972
99.691913 -2.726338
99.681343 -2.711705
99.670772 -2.697071
99.660202 -2.682437
99.649632 -2.667803
99.639063 -2.653169
99.628494 -2.638535
99.617925 -2.623900
99.607356 -2.609266
100.436448 -3.725225
100.425856 -3.710600
100.415264 -3.695975
100.404672 -3.681350
100.394080 -3.666725
100.383489 -3.652099
100.372898 -3.637474
100.362308 -3.622848
100.351718 -3.608222
100.341128 -3.593596
100.330539 -3.578970
100.319950 -3.564344
100.309361 -3.549717
100.298773 -3.535091
100.288185 -3.520464
100.277597 -3.505837
100.267010 -3.491210
100.256423 -3.476583
100.245836 -3.461956
100.235250 -3.447328
100.224664 -3.432701
100.214078 -3.418073
100.203493 -3.403446
100.192908 -3.388818
100.182324 -3.374190
100.171739 -3.359561
100.161155 -3.344933
100.150572 -3.330305
100.139989 -3.315676
100.129406 -3.301047
100.118823 -3.286419
100.108241 -3.271790
100.097659 -3.257161
100.087077 -3.242531
100.076496 -3.227902
100.065915 -3.213273
100.055334 -3.198643
100.044754 -3.184013
100.034174 -3.169383
100.023594 -3.154753
100.013015 -3.140123
100.002435 -3.125493
99.991857 -3.110863
99.981278 -3.096232
99.970700 -3.081602
99.960122 -3.066971
99.949544 -3.052340
99.938967 -3.037709
99.928390 -3.023078
99.917814 -3.008447
99.907237 -2.993816
99.896661 -2.979184
99.886085 -2.964553
99.875510 -2.949921
99.864935 -2.935289
99.854360 -2.920658
99.843785 -2.906026
99.833211 -2.891393
99.822637 -2.876761
99.812063 -2.862129
99.801489 -2.847496
99.790916 -2.832864
99.780343 -2.818231
99.769771 -2.803598
99.759198 -2.788966
99.748626 -2.774332
99.738054 -2.759699
99.727483 -2.745066
99.716912 -2.730433
99.706341 -2.715799
99.695770 -2.701166
99.685200 -2.686532
99.674629 -2.671898
99.664060 -2.657264
99.653490 -2.642630
99.642921 -2.627996
99.632351 -2.613362
99.621783 -2.598728
100.450882 -3.714675
100.440289 -3.700050
100.429697 -3.685425
100.419105 -3.670800
100.408513 -3.656175
100.397922 -3.641550
100.387331 -3.626925
100.376740 -3.612299
100.366150 -3.597673
100.355560 -3.583048
100.344971 -3.568422
100.334382 -3.553796
100.323793 -3.539169
100.313205 -3.524543
100.302617 -3.509916
100.292029 -3.495290
100.281441 -3.480663
100.270854 -3.466036
100.260268 -3.451409
100.249681 -3.436782
100.239095 -3.422154
100.228510 -3.407527
100.217924 -3.392899
100.207339 -3.378271
100.196755 -3.363644
100.186170 -3.349016
100.175586 -3.334387
100.165003 -3.319759
100.154419 -3.305131
100.143836 -3.290502
100.133254 -3.275874
100.122671 -3.261245
100.112089 -3.246616
100.101507 -3.231987
100.090926 -3.217358
100.080345 -3.202728
100.069764 -3.188099
100.059184 -3.173469
100.048604 -3.158840
100.038024 -3.144210
100.027444 -3.129580
100.016865 -3.114950
100.006286 -3.100320
99.995708 -3.085689
99.985129 -3.071059
99.974551 -3.056428
99.963974 -3.041798
99.953396 -3.027167
99.942819 -3.012536
99.932242 -2.997905
99.921666 -2.983274
99.911090 -2.968643
99.900514 -2.954011
99.889938 -2.939380
99.879363 -2.924748
99.868788 -2.910116
99.858213 -2.895484
99.847639 -2.880852
99.837065 -2.866220
99.826491 -2.851588
99.815917 -2.836956
99.805344 -2.822323
99.794771 -2.807691
99.784198 -2.793058
99.773626 -2.778426
99.763054 -2.763793
99.752482 -2.749160
99.741910 -2.734527
99.731339 -2.719893
99.720768 -2.705260
99.710197 -2.690627
99.699627 -2.675993
99.689056 -2.661359
99.678486 -2.646726
99.667917 -2.632092
99.657347 -2.617458
99.646778 -2.602824
99.636209 -2.588190
100.465315 -3.704125
100.454722 -3.689500
100.444130 -3.674876
100.433537 -3.660251
100.422946 -3.645626
100.412354 -3.631001
100.401763 -3.616376
100.391173 -3.601750
100.380583 -3.587125
100.369993 -3.572499
100.359403 -3.557873
100.348814 -3.543247
100.338225 -3.528621
100.327637 -3.513995
100.317048 -3.499368
100.306461 -3.484742
100.295873 -3.470115
100.285286 -3.455489
100.274699 -3.440862
100.264113 -3.426235
100.253527 -3.411607
100.242941 -3.396980
100.232355 -3.382353
100.221770 -3.367725
100.211186 -3.353097
100.200601 -3.338469
100.190017 -3.323841
100.179433 -3.309213
100.168850 -3.294585
100.158267 -3.279957
100.147684 -3.265328
100.137101 -3.250700
100.126519 -3.236071
100.115938 -3.221442
100.105356 -3.206813
100.094775 -3.192184
100.084194 -3.177554
100.073613 -3.162925
100.063033 -3.148296
100.052453 -3.133666
100.041874 -3.119036
100.031294 -3.104406
100.020715 -3.089776
100.010137 -3.075146
99.999558 -3.060516
99.988980 -3.045885
99.978403 -3.031255
99.967825 -3.016624
99.957248 -3.001993
99.946671 -2.987363
99.936095 -2.972732
99.925518 -2.958100
99.914942 -2.943469
99.904367 -2.928838
99.893791 -2.914206
99.883216 -2.899575
99.872641 -2.884943
99.862067 -2.870311
99.851493 -2.855679
99.840919 -2.841047
99.830345 -2.826415
99.819772 -2.811783
99.809199 -2.797150
99.798626 -2.782518
99.788053 -2.767885
99.777481 -2.753253
99.766909 -2.738620
99.756337 -2.723987
99.745766 -2.709354
99.735195 -2.694721
99.724624 -2.680087
99.714053 -2.665454
99.703483 -2.650820
99.692913 -2.636187
99.682343 -2.621553
99.671773 -2.606919
99.661204 -2.592285
99.650635 -2.577651
